Human_coronavirus_229E_40a
0.013
1.473
0.407
0.032
0.17
0.063
0.394
0.185
1.241
0.734
0.033
0.063
0.78
0.384
0.649
0.104
0.058
0.126
0.25
0.457
0.484
0.607
0.024
0.418
0.065
0.32
0.852
0.19
0.144
0.576
0.705
0.374
0.082
0.059
0.532
0.462
0.798
0.066
0.039
0.257
0.534
1.214
0.255
0.449
0.684
0.336
0.146
0.807
0.527
0.451
0.24
0.831
0.014
0.349
0.816
1.806
1.24
0.977
0.326
1.094
0.338
0.071
1.594
0.222
0.013
0.143
0.279
0.059
0.212
0.515
0.259
0.543
0.032
0.039
0.307
0.254
0.235
1.71
1.048
0.162
0.254
0.578
0.566
0.641
0.252
0.071
0.905
0.046
0.417
0.044
0.023
0.745
0.737
0.715
1.577
0.238
0.041
0.192
0.088
0.188
0.894
0.09
0.236
0.036
0.356
1.242
1.113
0.237
0.192
0.015
1.21
0.734
0.069
0.482
0.354
0.667
0.076
0.342
0.132
0.208
0.037
0.188
0.836
0.076
0.234
0.728
0.039
0.338
0.02
0.065
0.389
0.785
0.16
0.645
1.43
0.046
0.69
0.377
0.319
1.037
0.432
1.301
0.59
0.017
0.142
0.017
0.408
0.241
0.56
0.161
0.598
0.025
0.343
0.091
0.571
0.021
0.193
0.529
0.218
0.122
0.59
0.366
0.148
0.134
0.24
0.277
0.201
0.351
0.13
0.799
0.046
0.173
0.222
0.055
0.023
0.712
1.011
0.143
0.583
0.793
0.006
0.883
0.268
0.525
0.155
0.27
0.153
0.211
0.308
0.104
0.048
0.323
0.706
0.139
0.017
0.907
0.562
0.418
0.044
0.612
0.269
0.187
0.152
0.412
0.026
0.113
0.496
0.329
0.583
0.25
0.632
0.107
0.883
0.029
0.537
1.05
0.058
0.306
0.105
0.436
0.069
0.205
0.227
0.434
0.144
0.219
0.955
1.05
0.774
0.286
0.392
0.852
1.134
0.177
0.097
0.971
0.254
0.132
0.332
0.629
0.01
1.44
0.085
0.145
0.125
0.103
1.106
0.367
0.993
0.161
1.112
0.092
0.76
0.796
0.086
0.205
0.335
0.163
1.184
0.329
0.642
0.272
0.194
0.288
1.717
0.271
0.245
0.016
0.151
0.183
1.454
0.507
1.353
1.585
0.37
0.233
0.46
0.134
0.276
0.117
0.703
0.302
0.471
0.369
1.313
0.719
0.704
0.496
1.259
0.253
0.161
0.357
0.323
0.082
0.298
0.162
0.213
0.007
0.542
0.237
0.025
0.21
0.176
0.489
0.428
1.066
0.59
1.095
0.164
0.187
0.246
0.544
1.739
0.059
0.624
0.582
0.135
0.151
0.086
0.361
0.167
0.129
0.372
0.098
0.543
0.214
0.361
0.763
0.265
0.238
0.182
0.062
1.691
0.232
0.709
0.943
0.119
0.312
0.062
0.129
0.964
0.4
0.645
0.923
1.283
1.193
0.031
0.221
0.373
0.042
0.066
0.011
0.257
0.047
0.194
1.313
0.221
0.019
0.778
0.108
0.169
0.279
0.053
0.029
0.423
0.488
0.253
0.346
0.124
0.39
0.027
0.382
0.116
0.042
0.441
0.006
0.585
0.024
1.041
0.691
0.095
0.278
0.078
0.459
0.246
0.264
0.053
0.032
0.584
1.562
0.998
0.11
0.467
0.643
0.256
0.719
0.228
0.583
0.197
0.078
0.022
0.098
0.144
0.395
0.581
0.299
0.225
0.075
0.303
0.078
0.243
0.14
0.303
0.199
0.452
0.081
0.512
0.992
0.423
0.478
0.523
0.31
0.828
0.506
0.352
0.075
0.352
0.033
0.284
0.169
0.058
0.769
0.023
0.227
0.118
0.006
0.098
0.361
0.079
0.364
1.205
0.658
0.051
0.345
0.054
0.442
0.035
0.709
0.401
0.205
1.303
1.112
1.196
0.78
0.941
0.039
0.084
0.792
0.224
0.33
0.628
0.562
0.655
0.254
0.76
0.927
0.111
0.558
0.198
0.325
0.538
0.246
0.2
0.33
0.284
0.103
0.655
0.266
0.38
1.249
0.208
1.241
0.509
0.2
0.336
0.122
0.031
0.303
0.022
0.033
0.229
1.502
0.14
1.128
0.729
0.067
0.057
1.365
0.463
1.273
0.491
0.111
0.158
0.217
0.218
0.144
0.635
0.384
0.133
0.174
0.516
0.099
0.058
0.426
0.278
0.095
0.542
0.122
0.088
0.61
0.161
0.201
0.345
0.446
0.731
0.284
0.201
0.327
0.453
0.091
0.585
0.058
0.157
0.036
0.906
1.429
0.413
0.234
0.557
0.549
0.573
1.314
1.083
0.462
0.366
0.724
1.163
0.316
0.066
1.703
0.78
0.715
0.125
0.378
0.773
0.056
0.029
0.978
0.227
0.792
0.417
0.152
0.069
1.731
0.064
0.166
0.332
1.003
0.249
0.254
0.109
0.802
0.63
0.252
0.291
0.223
0.462
0.172
0.734
0.823
0.879
0.042
0.884
0.395
0.478
0.326
0.092
0.441
0.04
0.177
1.147
0.177
0.241
0.508
0.315
0.246
0.226
0.178
0.157
0.013
0.091
0.305
0.322
0.376
0.647
0.227
0.169
1.587
0.47
0.168
0.474
0.083
0.032
0.237
0.55
0.301
0.329
0.342
0.148
0.12
1.01
0.516
0.598
0.104
0.046
0.015
0.431
0.117
0.333
1.015
0.22
0.088
0.343
0.28
0.68
0.049
1.54
0.239
0.607
0.586
0.057
0.014
1.171
0.65
0.093
1.482
0.13
0.567
0.608
0.112
1.014
0.15
0.327
1.755
0.205
0.027
0.26
0.081
0.068
0.473
0.069
0.165
0.095
0.229
0.082
1.272
1.039
0.123
0.115
0.923
0.187
0.036
0.273
0.151
0.124
0.046
0.075
1.173
0.175
0.094
0.125
0.791
0.047
0.074
0.343
0.262
0.046
0.117
0.249
1.566
1.558
0.858
0.601
1.782
0.257
0.398
0.64
0.088
0.633
0.293
0.109
0.22
0.348
0.324
0.321
0.063
0.227
0.305
0.191
0.076
0.245
0.059
0.15
0.072
0.213
0.553
0.501
0.836
0.807
0.318
1.091
0.23
0.053
1.415
0.19
0.17
0.773
0.809
0.429
0.631
0.118
0.095
0.388
0.666
0.407
0.281
0.417
0.248
0.912
0.141
0.283
0.277
0.301
0.446
0.167
0.03
0.135
0.462
0.57
0.324
1.079
0.058
0.075
0.272
0.172
0.395
1.427
0.179
0.155
0.164
1.475
0.082
0.138
1.153
1.369
0.145
0.539
0.211
1.119
1.664
0.052
0.124
0.303
0.171
0.193
0.659
1.711
0.26
0.066
0.061
0.387
0.106
0.201
0.096
0.027
0.146
0.232
0.027
0.101
0.084
0.275
0.545
0.92
0.95
0.282
0.161
0.014
0.611
0.338
0.047
0.211
0.16
1.358
0.335
0.244
0.2
0.084
0.244
0.297
0.286
0.155
0.181
0.513
0.232
0.236
1.149
1.051
0.496
0.134
0.036
1.155
0.109
0.224
0.005
0.478
0.505
0.385
0.006
0.228
0.423
0.177
0.376
0.999
0.476
0.892
0.058
0.342
0.143
0.647
0.228
0.2
0.462
0.524
0.1
0.214
0.147
0.217
0.533
0.273
0.074
0.059
0.543
0.327
0.775
0.979
0.959
0.168
0.396
0.062
0.729
0.526
0.721
0.281
0.063
0.171
1.03
0.408
0.344
0.498
1.351
0.191
0.278
0.161
0.018
0.14
0.527
0.117
1.044
0.096
0.266
0.191
0.813
0.662
0.028
0.193
0.302
0.227
0.688
0.362
0.012
0.039
0.767
0.152
0.088
0.512
0.742
0.264
0.028
0.223
0.615
0.009
0.091
0.297
0.253
1.261
0.061
0.287
0.936
0.435
0.155
0.066
0.022
0.52
0.329
0.158
0.613
1.24
0.139
0.491
0.004
0.41
0.878
0.051
0.154
0.189
0.963
0.128
1.277
0.153
0.102
0.081
0.791
1.556
0.652
0.173
1.038
0.029
1.475
0.402
0.567
0.755
0.092
0.049
1.291
0.851
0.073
0.389
1.228
0.126
1.603
0.048
0.059
1.384
1
0.112
0.249
0.495
0.16
0.119
1.302
0.697
0.078
0.293
0.049
0.336
0.197
0.489
0.053
1.545
0.394
1.309
0.985
0.086
0.376
0.145
0.12
0.766
0.282
0.466
0.438
0.547
0.132
1.455
0.484
0.047
0.57
0.655
0.019
0.748
0.08
0.005
0.531
0.965
0.152
0.155
1.853
0.928
1.312
0.136
0.327
0.13
0.835
0.478
0.555
0.186
0.039
0.667
0.663
1.091
0.017
0.448
0.257
0.612
0.256
0.101
0.27
0.616
1.337
0.329
0.844
0.132
0.187
0.852
0.894
0.273
0.13
0.062
0.129
0.816
0.094
0.201
0.642
0.213
0.968
0.211
1.045
0.297
0.219
0.127
0.353
0.105
0.172
0.7
0.2
0.042
0.773
0.329
0.259
0.586
0.374
0.103
0.249
0.565
0.668
0.796
0.948
0.013
0.757
0.346
0.309
0.077
0.575
0.008
0.438
0.041
0.689
0.271
0.387
1.774
0.252
0.723
0.819
0.373
0.073
0.199
1.293
0.623
0.697
0.481
0.058
1.075
0.451
1.316
1.255
0.304
0.652
0.3
0.02
0.995
0.979
0.086
0.109
0.428
0.158
0.271
0.01
0.344
0.029
0.034
0.688
0.08
0.059
0.353
0.328
0.64
0.227
0.301
0.145
1.044
0.356
0.322
0.652
0.035
1.211
0.006
0.458
0.139
0.156
0.152
0.117
0.253
0.047
0.43
0.692
0.17
0.031
0.039
0.214
0.074
1.216
0.474
0.575
0.43
0.155
0.929
0.547
0.684
1.418
0.462
0.177
0.056
1.601
0.086
0.586
0.547
0.161
0.285
0.175
0.269
0.099
0.097
1.017
0.106
0.405
0.13
1.49
0.026
0.353
0.096
0.566
0.224
0.062
0.402
0.078
1.516
0.066
0.301
0.146
0.762
0.765
0.381
0.191
0.03
1.129
1.393
0.105
0.407
0.384
0.962
0.05
1.249
0.793
0.607
0.082
0.017
0.097
0.407
1.592
0.706
1.308
0.231
0.093
0.337
0.587
0.899
0.5
1.131
0.6
0.121
0.464
1.269
0.013
1.08
0.558
0.381
0.362
0.621
0.126
0.318
0.352
0.113
0.111
0.506
0.443
0.14
0.553
1.395
0.276
0.286
0.285
0.353
1.293
0.564
0.357
0.498
0.089
0.144
0.404
0.336
0.724
0.061
0.178
0.148
0.737
0.831
0.322
0.665
0.03
0.124
1.11
0.315
0.252
0.28
0.741
0.365
0.114
0.202
0.312
1.012
1.091
0.071
1.079
0.684
0.173
1.556
1.328
0.101
0.842
0.618
0.171
0.148
0.356
0.099
0.187
0.243
0.128
0.694
0.109
0.424
0.63
0.041
0.184
0.349
0.979
0.278
0.474
0.387
0.823
1.004
1.123
0.403
0.743
0.104
0.319
0.223
0.757
0.137
0.58
0.77
0.101
0.106
0.253
0.236
0.154
0.825
0.597
0.115
0.231
0.552
0.427
1.462
0.075
0.038
0.085
0.34
0.692
0.207
0.914
0.362
0.228
0.173
0.576
0.037
0.461
0.775
0.513
0.359
0.071
0.49
0.024
0.945
0.123
0.42
0.532
0.315
0.097
0.826
0.887
0.026
0.419
1.148
0.754
0.045
1.4
0.018
0.498
0.286
0.402
0.269
0.048
0.956
0.067
0.231
1.155
0.059
0.085
0.07
0.139
0.566
0.773
0.839
0.401
1.367
0.446
0.077
0.09
0.091
1.155
0.828
0.079
0.11
0.807
0.796
0.943
0.873
0.022
0.265
0.403
0.101
0.267
1.67
0.108
1.442
0.378
0.102
0.232
0.784
0.254
0.029
0.884
0.734
0.059
0.186
0.731
0.129
0.923
0.158
0.038
0.275
0.564
0.901
0.427
0.768
0.191
1.236
0.103
0.256
0.195
0.135
0.026
0.04
1.093
0.514
0.308
0.799
0.051
0.165
0.148
0.106
0.046
1.127
0.882
0.087
1.223
0.911
0.218
0.949
0.343
0.939
0.083
0.959
0.569
0.823
0.091
0.934
0.381
0.609
0.291
0.363
0.723
0.055
0.756
0.829
0.158
1.707
0.885
0.069
0.215
0.081
0.448
0.727
0.275
0.057
0.304
0.094
0.051
0.484
0.187
0.303
0.641
0.393
0.128
0.245
0.852
0.185
0.022
0.222
0.188
0.101
0.912
0.161
0.522
0.397
0.998
0.18
0.052
0.184
0.075
0.305
0.076
0.087
0.507
0.119
0.223
0.006
0.377
0.067
0.226
0.048
0.097
0.109
1.094
0.191
0.143
0.224
0.018
1.343
0.136
0.226
0.158
0.184
0.28
0.659
0.029
0.016
0.548
0.18
0.288
0.161
0.087
0.489
0.117
0.801
0.136
0.054
0.421
0.048
0.128
0.031
0.152
0.134
0.305
0.648
0.272
0.413
0.365
0.559
0.818
0.033
0.171
1.283
0.924
0.869
0.441
0.101
0.146
0.149
0.474
0.226
0.111
0.897
0.292
0.069
0.024
0.029
0.588
0.099
0.048
1.073
0.374
0.255
0.326
0.229
0.216
1.433
0.859
0.165
0.05
0.293
0.498
1.274
0.603
0.023
0.103
0.199
1.567
0.121
0.256
0.135
0.473
0.796
0.38
0.58
0.343
0.868
0.552
0.223
0.151
0.035
1.342
0.056
0.13
0.166
0.813
0.029
1.307
0.104
0.023
0.853
0.395
0.202
0.008
0.37
1.199
0.19
0.069
0.124
0.096
0.127
0.189
1.4
0.7
1.411
0.202
0.288
0.144
0.085
0.025
0.967
0.722
0.208
0.677
0.778
0.754
0.625
0.381
0.096
0.023
0.046
0.034
0.768
0.683
0.251
0.503
0.246
0.148
0.036
0.008
0.507
0.081
0.343
0.285
0.187
0.747
0.44
0.328
0.211
0.086
0.733
0.761
1.285
0.049
0.02
0.54
0.346
1.156
0.156
0.107
0.087
0.101
0.125
0.892
0.784
0.241
0.659
0.598
0.69
0.073
0.031
0.036
0.381
0.024
1.364
0.014
0.367
0.161
0.206
0.59
0.402
0.24
1.042
0.254
0.19
0.944
0.057
0.222
0.211
0.089
0.28
0.124
0.075
0.943
0.208
0.287
0.206
0.411
1.737
0.185
0.966
0.51
0.209
0.266
1.307
0.108
0.197
0.423
0.46
0.4
0.151
0.624
1.317
0.264
0.022
0.14
0.087
1.39
0.938
0.206
0.532
0.127
0.212
1.164
0.049
1.586
0.792
0.372
0.175
0.16
0.279
0.392
0.468
0.393
0.635
0.175
1.203
0.17
0.317
0.25
0.089
1.535
0.12
0.123
0.715
0.222
0.569
0.185
0.275
0.087
0.468
0.037
0.112
0.167
1.001
0.852
0.011
0.338
0.962
3.036
0.261
0.072
3.648
2.123
1.994
2.629
3.451
0.998
0.064
0.22
0.133
0.039
2.176
2.49
2.509
2.409
2.044
2.072
0.109
0.146
0.119
0.147
0.224
1.271
2.714
0.727
2.359
1.76
0.589
1.358
2.461
1.741
0.329
0.089
0.497
0.343
0.24
0.112
0.03
0.054
0.258
1.554
0.205
0.108
0.015
1.079
0.676
0.014
0.646
0.682
0.249
0.044
0.271
0.055
1.384
0.589
0.798
1.013
0.334
0.061
0.304
0.65
0.294
1.348
0.048
1.138
0.161
0.072
0.089
0.865
0.41
0.124
0.072
0.054
0.027
0.744
0.385
0.214
0.093
0.196
0.783
0.012
0.899
0.048
0.084
0.058
0.481
0.026
0.028
0.563
0.94
0.165
0.181
0.234
0.405
0.21
0.198
0.867
1.015
0.301
0.819
0.073
0.095
0.071
0.881
1.368
1.157
1.292
0.452
0.366
0.145
0.021
0.16
0.176
0.194
0.234
1.051
0.183
0.869
1.481
0.433
0.522
0.354
0.27
0.261
0.342
0.125
0.463
0.116
0.189
0.09
0.214
1.668
0.451
0.235
0.131
0.816
0.276
1.08
0.955
0.267
0.043
0.538
0.083
0.39
0.256
0.08
0.852
0.112
0.375
0.266
0.017
0.185
0.255
0.729
1.458
0.633
0.737
0.263
0.128
1.037
1.513
0.156
0.289
0.042
0.236
0.292
0.136
0.829
0.598
0.116
0.75
0.501
0.449
0.235
0.149
0.16
0.332
0.021
0.033
1.003
0.269
0.262
0.504
0.609
0.447
0.058
0.701
0.07
0.12
0.454
0.622
0.046
0.154
0.569
0.174
0.432
0.312
0.264
0.066
0.234
0.962
0.379
0.518
0.098
0.264
1.584
0.439
0.29
0.101
0.06
0.477
0.465
1.152
0.124
0.151
0.155
0.967
0.231
0.07
0.286
0.175
0.226
0.143
0.848
0.072
1.198
0.047
0.23
0.033
0.833
0.084
0.191
0.863
0.449
0.793
0.078
0.559
0.237
0.1
0.364
0.202
0.061
0.847
0.075
0.292
0.622
0.365
0.553
1.895
0.724
0.339
0.309
0.297
0.164
0.182
1.001
0.165
0.157
1.327
0.2
0.069
0.076
0.784
0.179
0.117
0.044
0.407
0.85
0.189
0.427
0.253
1.052
0.313
0.083
0.183
0.251
0.138
0.08
1.276
0.556
0.209
0.164
0.082
0.477
0.22
0.598
0.473
0.165
0.033
1.009
1.268
0.069
0.248
0.367
0.367
0.126
0.211
0.686
0.377
0.549
0.149
0.529
0.195
0.493
0.088
0.12
0.755
0.382
0.752
0.488
0.182
0.482
0.329
0.032
0.329
1.226
0.402
0.114
0.713
0.056
0.017
0.175
0.017
0.019
0.874
0.382
0.059
0.032
0.439
0.244
0.066
0.253
0.059
0.745
0.445
0.316
0.05
0.808
0.225
0.054
0.094
1.362
0.473
0.157
0.106
0.043
1.488
0.19
0.559
0.196
1.062
0.086
0.674
0.77
1.295
0.067
1.345
0.889
0.549
0.058
0.555
0.363
0.647
0.398
1.186
1.211
0.2
0.075
0.651
0.109
0.816
0.089
0.844
0.767
0.269
0.806
0.489
0.064
0.969
0.123
0.144
0.616
0.173
0.838
0.727
0.153
0.265
0.591
0.045
0.845
1.003
0.116
0.093
0.48
0.208
0.367
0.101
0.118
1.427
0.993
0.208
0.133
0.149
0.104
0.162
0.134
0.543
0.032
0.582
0.456
0.276
0.839
0.617
0.027
0.233
0.06
0.128
0.018
1.398
0.223
0.099
0.208
0.024
0.377
1.005
0.802
0.499
0.179
0.066
0.237
0.048
0.067
0.582
0.164
0.709
0.598
1.389
0.071
1.438
0.569
0.056
0.076
0.95
0.044
0.521
0.504
0.054
0.228
0.203
0.108
0.521
0.063
0.166
0.201
0.04
0.38
0.269
0.672
0.793
0.011
0.72
0.016
0.24
0.163
0.663
0.239
1.103
0.47
0.222
0.684
1.078
0.127
0.883
0.724
0.231
0.179
0.924
0.678
0.165
0.026
0.112
0.113
0.765
0.436
0.331
0.175
0.442
0.527
0.011
0.343
0.501
0.173
0.633
0.186
0.269
1.107
0.322
0.093
0.317
0.165
1.23
0.087
0.149
0.013
0.175
0.268
0.465
0.286
0.108
0.295
0.426
0.312
0.321
0.065
0.343
0.051
0.164
0.735
0.975
0.033
1.286
0.184
0.071
0.688
0.179
0.212
0.04
0.708
0.333
0.489
0.311
0.728
0.013
0.476
0.352
0.447
0.392
0.886
0.298
0.897
0.557
0.156
0.195
0.014
0.882
0.321
0.227
0.321
1.102
0.101
0.121
0.242
0.144
0.209
0.271
1.599
0.07
0.06
0.475
0.804
0.152
0.188
0.276
0.101
1.296
0.456
1.495
0.408
0.162
0.223
0.301
0.164
0.044
0.343
0.742
0.483
0.019
0.103
0.415
0.244
0.492
0.041
1.128
0.344
0.126
0.507
0.371
0.614
1.798
0.621
0.192
0.252
0.404
1.211
0.51
0.022
0.38
0.031
0.016
0.084
0.357
0.351
0.49
0.114
0.806
0.074
0.477
0.894
0.376
0.31
0.508
0.155
0.241
0.052
0.026
0.359
1.017
0.205
0.262
0.182
0.301
0.222
1.188
0.313
0.059
0.028
0.17
1.061
0.278
0.148
0.819
0.023
0.091
0.656
1.424
0.173
0.226
0.603
0.576
0.263
1.323
0.191
0.074
0.083
0.397
0.155
0.074
0.142
0.891
0.162
1.724
0.519
0.374
0.408
0.71
0.186
0.134
0.405
0.192
0.836
0.484
0.079
0.083
1.144
0.085
0.05
0.141
0.219
0.772
0.238
0.941
1.004
1.448
1.61
0.431
0.18
0.227
0.212
0.26
0.106
0.152
0.207
0.874
0.329
0.483
0.143
0.95
1.229
0.313
0.353
0.057
0.394
0.637
0.102
0.383
1.347
0.405
0.987
0.183
0.419
0.777
0.982
0.319
0.605
0.081
0.271
1.101
1.166
0.408
0.151
0.133
0.84
0.327
0.639
0.382
0.121
0.601
0.154
0.169
0.056
0.113
0.472
0.06
0.037
0.634
0.182
0.322
0.021
0.04
0.424
0.434
0.259
0.292
0.133
0.201
0.356
0.024
0.285
0.081
0.036
0.11
1.07
0.431
0.358
0.519
1.633
0.577
0.116
0.192
0.861
0.138
0.108
0.332
0.266
1.328
0.276
0.227
0.116
0.737
0.356
0.089
0.453
0.687
0.17
0.811
0.285
0.125
0.11
0.032
0.571
0.27
0.166
0.232
0.114
0.203
0.05
0.138
1.372
1.533
0.262
0.936
0.087
0.212
0.143
0.246
0.082
0.638
0.557
0.01
0.394
0.477
0.185
0.102
0.192
0.27
0.318
0.108
0.032
0.477
0.078
0.685
0.041
0.191
0.139
0.062
0.198
1.347
0.428
0.037
0.059
1.301
0.011
0.719
0.314
0.255
0.739
0.032
0.617
1.28
0.08
0.292
0.13
0.373
0.099
0.262
0.634
0.152
1.027
0.989
0.083
0.444
0.473
1.393
0.096
0.116
0.229
0.069
0.303
0.188
0.236
0.224
0.462
1.562
0.482
0.682
1.527
0.332
0.947
0.073
0.033
0.035
0.526
0.248
0.465
0.325
1.314
0.109
0.15
0.844
0.139
0.741
0.917
1.194
0.342
0.813
0.291
0.024
0.367
0.201
0.73
0.101
0.212
0.083
0.386
0.149
0.116
0.081
0.314
0.293
0.01
0.449
0.16
0.108
0.045
0.097
0.169
0.424
0.032
0.664
0.048
0.037
0.027
0.317
1.334
0.126
0.766
0.123
0.936
0.415
0.421
0.125
0.137
1.388
0.629
1.227
0.367
0.439
1.431
0.243
0.125
1.403
0.531
0.226
0.187
0.898
0.189
0.07
0.137
1.281
0.184
0.07
0.571
1.041
0.945
0.114
0.331
0.566
0.806
0.032
0.602
0.112
0.139
0.238
0.021
1.361
0.243
0.186
1.379
0.509
0.159
0.389
0.232
0.639
0.401
0.022
0.263
0.767
0.565
0.665
0.546
0.292
0.206
0.067
0.285
0.119
0.711
0.248
0.247
0.2
0.248
0.374
0.741
0.437
0.506
0.302
0.84
0.517
1.235
0.648
0.528
0.1
0.423
0.801
1.742
0.407
0.202
0.661
0.128
0.146
1.244
0.353
0.508
0.206
0.086
0.352
0.111
0.587
0.523
0.154
0.463
1.069
1.211
0.02
0.417
0.129
0.401
0.722
0.44
0.263
0.286
0.461
0.127
0.344
0.419
0.032
0.236
0.183
0.659
0.465
1.059
0.754
0.143
1.088
0.271
0.136
0.007
0.131
0.188
0.589
0.036
0.305
0.329
0.273
1.677
0.059
0.405
0.017
0.623
0.192
0.162
0.156
0.716
0.08
0.02
0.107
0.18
0.852
0.523
0.453
0.366
0.076
1.549
0.202
0.07
0.361
0.263
0.223
0.115
0.052
1.142
0.059
0.047
1.352
0.887
0.302
1.117
0.684
0.044
1.34
0.129
0.307
0.217
0.782
0.394
0.905
1.38
0.689
0.262
0.039
0.241
0.294
0.045
0.085
0.053
0.711
1.294
0.501
0.404
0.449
0.091
0.551
0.255
0.326
1.363
0.519
0.44
0.027
0.456
0.47
0.471
0.269
1.889
0.114
0.442
0.216
0.81
0.064
0.825
1.36
1.013
0.165
0.101
0.106
0.201
0.917
1.62
0.871
0.32
0.547
0.025
0.925
1.162
0.147
0.258
0.267
0.253
1.434
0.306
0.071
0.105
0.06
0.243
1.541
0.257
0.093
0.023
0.355
0.072
0.37
0.694
0.504
1.122
0.951
0.698
0.072
0.108
0.556
0.402
0.764
0.122
0.328
0.263
0.596
0.063
0.76
0.84
0.069
0.115
0.723
1.277
0.431
0.369
0.254
0.125
0.253
0.081
0.332
0.243
0.455
0.361
0.554
0.04
0.663
0.671
0.058
0.271
0.076
0.123
0.202
0.007
0.374
0.195
0.153
0.049
0.311
0.26
1.267
0.3
0.561
0.037
0.962
1.182
0.566
1.178
1.488
0.04
1.864
0.293
1.029
0.108
0.123
0.797
0.167
0.706
0.444
0.359
0.447
0.963
0.487
0.232
0.491
1.358
0.118
0.007
0.161
0.35
0.237
0.173
0.206
0.286
0.36
0.719
0.046
1.293
0.261
0.121
0.315
0.104
0.124
0.471
1.195
0.377
0.049
0.178
0.549
0.483
0.455
0.711
0.981
0.565
0.484
0.038
0.594
0.45
0.357
1.284
0.78
0.222
0.251
0.883
1.059
0.266
0.562
0.715
0.729
0.065
0.259
1.65
0.327
0.287
0.578
0.268
0.322
0.614
0.054
0.64
0.442
1.353
0.124
0.232
0.35
0.451
0.063
0.197
0.487
0.228
0.35
0.633
1.181
0.363
0.881
0.466
0.131
0.343
0.652
0.119
0.256
0.385
0.351
0.086
0.38
0.116
0.504
0.052
0.626
0.028
0.861
0.084
0.082
0.143
0.34
0.237
0.136
0.106
1.741
0.241
0.459
0.549
0.379
0.54
1.373
0.114
0.027
1.616
0.021
0.249
0.084
0.181
0.405
0.078
0.026
0.106
0.016
0.24
0.899
0.123
0.057
0.174
1.091
0.157
0.19
0.46
0.452
0.367
0.391
0.464
0.725
0.122
0.121
0.418
0.07
1.496
0.296
1.528
0.012
0.093
0.15
0.795
0.173
0.433
0.102
0.687
0.111
0.272
0.242
0.159
0.808
0.271
0.316
0.005
0.322
0.36
0.213
1.161
1.21
0.226
0.442
0.104
0.879
0.84
0.027
0.16
0.467
0.073
0.461
0.322
0.103
0.002
0.848
0.232
1.096
1.002
0.13
0.212
0.139
0.09
0.401
0.349
0.322
0.38
0.131
0.432
0.513
0.234
0.058
0.022
0.201
0.006
0.297
0.144
0.415
0.871
0.072
0.781
0.439
1.41
0.582
0.698
0.705
0.654
1.04
0.225
0.493
0.44
1.041
0.068
0.258
1.257
0.817
0.996
0.269
1.016
0.228
0.24
0.015
0.078
0.078
1.203
0.145
0.416
0.311
0.408
0.19
0.123
0.312
0.197
1.017
0.201
0.44
1.03
0.4
0.127
0.704
0.255
0.226
0.106
0.955
0.044
0.211
0.349
0.342
0.087
1.522
0.803
1.787
0.064
0.133
0.129
1.185
0.707
0.104
0.913
0.285
0.58
0.197
0.017
0.928
0.064
0.091
0.03
0.749
0.319
0.478
0.074
0.915
0.364
0.217
1.139
1.375
0.945
0.107
0.737
0.54
0.037
0.446
0.805
0.289
0.457
0.069
0.017
1.261
0.315
0.097
0.296
0.028
0.079
0.228
0.223
0.572
0.132
0.139
0.583
0.061
0.048
0.008
0.491
0.03
0.936
0.184
0.058
0.216
1.732
0.305
0.257
0.798
0.158
0.265
0.059
1.068
0.155
0.03
0.762
0.962
0.844
0.87
1.317
0.065
0.152
0.135
0.78
1.066
0.045
1.118
1.153
0.072
0.269
0.953
1.054
0.252
0.124
0.57
0.156
0.136
0.152
0.538
0.067
0.015
0.1
0.194
0.112
0.157
0.263
1.132
0.503
0.377
0.009
0.093
0.897
0.042
0.159
0.876
1.12
0.076
0.118
0.771
0.117
0.827
0.024
0.387
0.262
0.667
0.186
0.449
0.047
0.032
0.197
0.143
0.859
0.274
0.164
1.134
0.385
0.29
0.33
0.334
0.532
0.15
0.181
0.031
0.389
0.074
0.663
0.277
0.995
0.189
0.55
0.176
1.167
0.026
0.324
0.117
0.689
0.207
0.083
0.393
0.033
0.111
0.125
0.239
0.517
1.398
0.047
0.681
1.152
0.439
1.295
0.181
1.092
0.108
0.055
0.008
0.296
0.537
0.895
0.024
0.117
0.249
0.575
0.332
0.448
1.205
0.054
0.301
0.252
0.424
0.387
1.612
0.598
0.307
0.786
0.103
0.831
0.631
0.231
0.863
0.106
0.151
0.236
0.883
0.064
1.512
0.419
0.139
0.254
0.333
0.085
0.236
1.408
0.264
0.449
0.227
0.053
0.897
0.125
0.109
1.672
0.305
0.051
0.165
1.536
0.208
0.871
0.282
0.421
0.561
0.957
0.795
0.163
0.398
0.45
0.654
0.348
0.332
1.254
0.95
0.203
1.565
0.603
0.305
0.392
0.957
0.498
0.107
0.037
1.473
0.357
0.463
0.057
0.084
0.011
0.423
1.151
0.642
0.12
0.096
0.059
0.204
0.233
0.129
1.468
0.566
0.031
0.636
0.7
0.057
1.17
0.677
1.121
0.341
0.032
0.267
0.798
0.051
0.59
1.511
0.582
0.04
0.133
0.045
0.554
0.068
0.3
0.527
0.187
0.627
0.148
0.164
0.107
1.347
0.123
1.627
0.03
0.102
0.118
0.032
0.451
0.127
0.483
0.327
0.205
0.147
0.018
0.149
0.44
0.172
0.438
0.126
0.341
0.105
0.972
0.886
0.044
0.188
0.129
1.18
1.04
0.706
0.315
0.266
0.379
0.517
1.045
0.198
0.637
0.268
0.244
1.022
1.086
0.574
0.061
0.103
0.317
0.225
0.968
0.164
0.684
0.28
1.695
1.013
0.069
0.253
0.167
0.49
0.748
0.19
0.312
0.769
1.133
0.77
0.014
0.256
0.126
0.084
0.108
0.284
0.433
0.186
0.104
1.262
0.028
0.325
0.146
0.196
0.334
0.202
0.068
0.099
0.541
1.573
0.162
0.497
0.092
1.235
0.088
0.231
0.862
0.405
1.179
0.135
0.186
0.419
0.365
0.464
0.029
0.123
0.067
0.658
0.02
0.096
0.596
1.36
0.617
0.031
0.585
0.258
0.591
0.198
1.049
0.005
0.376
0.269
0.838
0.787
0.017
0.957
1.811
1.466
1.488
1.078
0.396
0.695
0.195
0.213
2.868
3.382
0.047
0.933
0.061
0.54
0.149
0.356
0.71
0.667
0.092
1.597
0.195
0.344
0.249
0.022
0.311
0.057
0.236
0.037
0.476
0.228
0.693
0.198
0.464
0.189
0.103
0.386
0.129
0.029
0.311
1.445
0.022
0.268
0.417
0.684
0.308
0.242
0.192
0.735
1.002
0.122
0.439
0.347
1.074
0.547
1.335
0.725
0.224
0.444
0.307
0.491
0.615
0.222
0.509
0.163
1.006
0.178
0.218
0.172
0.134
0.912
0.448
0.176
0.883
0.56
0.16
0.158
0.033
0.069
0.191
0.981
1.054
0.11
0.179
0.611
1.189
0.071
0.088
0.479
0.297
0.164
0.492
0.223
0.047
0.356
1.887
0.13
0.379
1.139
0.921
0.101
0.397
0.093
0.081
0.582
1.111
0.721
1.555
0.783
0.243
0.239
0.108
0.075
0.536
0.409
0.284
0.111
0.497
0.091
0.143
0.829
1.552
0.269
0.347
0.311
0.386
0.051
0.947
0.146
0.078
0.092
1.389
0.036
0.899
0.17
0.198
0.029
1.263
1.158
0.387
0.394
0.282
0.883
0.071
0.495
0.706
0.07
0.171
0.184
0.059
0.192
0.159
0.14
0.379
0.369
0.074
0.299
0.142
0.408
1.164
0.222
0.341
0.043
0.05
1.476
1.502
0.196
0.291
0.358
0.245
0.494
0.563
0.055
0.317
0.222
0.303
0.592
0.136
0.164
0.758
0.222
0.99
0.308
0.719
1.022
0.041
0.065
0.044
0.484
1.254
0.526
0.166
0.439
0.17
0.289
0.929
1.209
1.592
0.015
0.025
1.795
1.691
0.454
0.166
0.242
0.049
0.091
0.069
0.079
1.648
0.175
0.105
0.909
1.017
0.085
1.019
0.041
0.093
0.103
0.02
0.219
0.071
0.137
0.3
0.33
0.211
0.021
0.157
0.021
0.177
1.01
0.23
0.362
0.22
0.539
0.413
0.317
0.219
0.143
1.104
0.19
0.334
0.412
0.481
0.397
0.655
0.229
0.218
0.016
0.477
0.67
0.12
0.368
0.256
0.184
1.153
0.067
0.13
0.059
0.026
0.086
0.51
0.542
1.262
0.885
0.348
0.055
0.027
0.058
0.799
0.963
0.099
0.029
0.59
0.409
0.04
0.137
0.194
0.555
0.09
0.603
0.364
0.098
0.313
0.111
0.467
1.326
0.155
0.859
0.043
1.112
0.371
0.51
1.346
0.172
0.211
0.213
1.767
0.198
0.073
0.207
0.369
0.099
0.174
0.175
0.235
0.12
0.638
0.129
0.515
0.234
0.009
0.227
0.021
0.294
0.144
0.536
0.086
0.176
0.117
0.113
0.561
0.435
0.277
0.061
0.049
0.778
0.09
0.523
0.178
0.145
1.004
0.359
0.069
1.161
0.366
0.878
0.118
1.172
0.339
0.033
0.515
0.227
0.166
0.148
0.45
0.977
0.148
0.37
0.538
0.523
0.116
0.22
0.441
0.446
1.713
0.176
0.232
0.416
0.572
0.121
0.978
0.035
0.939
0.487
0.091
0.244
0.36
1.622
0.688
0.155
0.642
0.042
0.979
0.493
0.076
0.309
0.089
1.113
0.309
0.214
0.607
0.475
0.274
0.944
0.246
0.456
0.259
0.195
0.029
0.158
1.267
0.249
0.827
0.145
0.345
0.152
0.259
0.024
0.075
0.069
1.026
0.676
0.385
0.142
0.106
0.155
0.448
0.784
0.223
0.647
0.086
0.663
0.295
0.34
0.301
0.692
0.067
0.546
0.753
0.54
0.283
0.062
0.047
0.204
0.193
0.344
0.168
0.122
0.408
1.608
0.174
0.06
0.111
0.111
0.33
0.139
0.398
0.025
0.319
0.528
0.51
0.233
0.195
0.093
0.151
0.017
0.067
1.025
0.149
0.207
0.043
0.774
0.035
0.233
0.724
0.279
1.06
0.406
0.38
0.074
0.371
0.057
0.025
0.088
0.338
0.247
0.133
0.284
0.839
0.302
0.489
1.123
0.832
0.389
0.104
0.977
0.413
1.533
0.096
0.402
0.35
0.14
0.199
0.527
0.477
0.496
0.168
1.134
1.728
0.045
0.207
0.441
0.134
0.204
0.415
1.348
0.694
1.374
0.233
0.208
0.285
1.106
0.018
0.613
0.325
0.091
0.1
0.138
0.143
0.01
0.091
0.122
0.081
0.216
0.13
0.426
0.215
0.119
0.519
1.808
0.236
0.05
1.317
0.134
0.009
0.719
1.209
0.246
0.067
0.073
1.18
0.299
0.006
0.313
0.003
0.222
1.603
0.625
0.765
0.056
1.437
0.795
0.151
1.035
0.058
0.302
0.352
0.146
0.29
0.204
0.337
1.672
0.297
0.944
0.131
0.376
0.786
1.684
0.884
1.244
1.275
0.085
0.667
0.181
0.485
0.043
0.528
0.163
0.999
0.456
0.448
0.188
0.773
0.267
0.133
0.404
0.633
0.389
0.059
0.111
0.017
0.877
0.175
0.418
1.471
0.176
0.037
0.208
1.77
0.96
0.496
0.18
0.396
0.083
0.933
0.156
0.691
0.283
0.027
0.73
0.855
0.435
0.33
0.439
0.254
0.763
0.898
0.067
0.159
0.7
1.407
0.033
1.119
0.145
0.033
0.198
0.163
0.536
1.229
0.106
0.06
0.015
1.043
0.602
1.008
0.086
0.116
0.707
1.4
0.086
0.188
0.337
0.166
0.28
0.052
0.252
0.092
0.887
0.332
0.449
1.529
0.171
0.772
0.678
0.142
0.365
0.564
0.215
0.154
0.264
0.631
0.155
0.084
0.026
0.02
0.977
0.372
0.12
0.444
0.405
0.171
0.406
0.492
0.265
0.079
0.11
0.563
0.498
0.037
0.07
0.058
0.273
0.326
1.24
0.429
0.437
0.43
0.172
0.912
0.172
0.941
0.131
0.629
0.181
0.948
0.086
1.036
0.091
0.866
0.019
0.254
0.499
0.725
0.06
1.033
0.452
0.061
0.268
1.044
0.377
0.311
0.047
1.098
0.278
0.458
0.212
0.342
0.31
0.09
0.388
0.153
1.104
0.39
1.19
0.136
0.042
0.078
0.425
0.304
0.856
0.374
0.728
0.606
0.502
0.071
1.5
0.07
0.52
0.283
0.541
0.168
0.354
1.627
0.119
0.027
0.025
0.325
0.686
0.484
1.68
1.071
0.109
0.268
0.07
0.337
0.469
0.004
0.714
0.021
0.791
0.328
0.549
0.517
0.28
0.295
0.304
0.284
0.613
1.5
0.156
0.665
0.512
0.537
0.22
0.183
0.219
0.607
0.172
0.132
0.286
0.072
0.695
0.12
0.053
0.43
1.187
0.529
0.031
0.143
0.241
0.548
0.059
1.388
0.247
0.778
0.423
0.116
0.144
0.133
0.058
0.392
1.187
0.08
0.358
0.804
0.072
1.489
0.022
0.262
0.486
0.781
0.672
0.478
0.152
0.016
0.914
0.354
0.191
0.115
0.429
0.248
0.225
0.118
0.828
0.13
0.146
0.04
0.033
1.21
0.197
0.15
0.056
0.194
0.07
0.751
0.035
0.095
0.196
0.329
0.445
0.202
0.343
1.213
0.225
0.385
1.197
0.311
0.339
0.056
0.057
0.293
0.141
1.121
1.166
0.138
0.157
0.166
0.025
0.079
0.126
1.092
0.057
0.946
0.798
1.09
0.111
0.078
0.031
0.615
0.12
0.054
0.32
0.063
0.061
0.1
0.303
0.288
0.413
0.212
1.32
0.388
0.18
0.178
0.034
0.593
0.07
0.067
0.562
1.274
0.983
0.394
0.103
0.392
0.637
0.326
0.333
0.871
0.266
0.429
0.113
1.381
0.803
0.941
0.624
1.537
0.061
0.174
0.12
0.42
1.017
0.029
0.071
0.425
0.379
0.949
0.999
0.345
0.29
0.514
0.095
0.151
1.042
0.2
0.382
0.827
0.263
0.059
0.864
0.181
0.086
0.394
0.686
0.623
0.183
0.299
0.452
1.283
0.67
0.581
0.042
0.054
0.733
0.198
0.934
0.133
0.173
0.445
0.314
0.912
0.081
0.453
0.309
0.231
0.181
0.462
0.36
0.847
1.111
0.362
0.167
1.715
0.785
1.291
0.056
0.354
0.774
0.447
0.141
0.063
0.412
0.864
0.802
0.133
0.075
0.6
0.893
0.802
1.308
0.077
0.605
0.698
0.188
0.514
0.152
0.365
0.739
0.019
0.123
0.656
0.242
0.132
0.022
0.497
0.406
1.217
0.071
0.054
0.026
0.329
0.863
0.992
0.638
0.797
0.408
0.683
0.495
0.676
0.543
0.402
0.22
0.536
0.07
0.042
0.108
0.088
0.274
0.112
1.054
0.007
1.164
0.095
0.038
0.286
1.613
0.339
0.457
0.273
0.073
0.947
0.443
0.427
0.012
0.159
0.185
0.138
0.08
0.658
0.166
0.453
1.146
0.328
0.087
0.465
0.125
0.589
0.506
0.3
0.25
0.386
0.688
0.193
0.115
0.386
0.154
0.419
0.31
0.699
0.42
0.152
1.368
0.247
0.446
0.266
0.364
0.589
0.721
0.047
0.015
0.295
0.992
0.04
0.09
0.39
0.822
0.242
0.157
0.406
0.14
1.27
0.581
0.173
0.055
0.147
0.057
0.203
0.078
0.809
0.346
0.105
0.137
0.264
0.398
0.254
0.896
0.517
0.144
0.169
0.232
0.295
0.379
0.809
0.521
0.229
0.032
0.351
0.23
0.261
0.42
0.281
0.12
0.447
0.59
0.682
0.133
0.783
0.373
0.191
0.944
0.007
0.194
0.067
0.533
0.066
0.202
0.584
0.17
0.785
0.062
0.094
0.095
0.502
0.096
0.046
1.603
0.509
0.736
0.032
0.282
0.913
0.659
0.318
0.357
0.38
0.882
0.44
0.124
0.196
0.557
0.257
0.463
0.528
0.924
0.05
0.574
0.061
0.615
0.384
0.413
0.787
0.625
0.662
0.147
0.079
1.06
0.201
0.092
0.204
0.302
0.13
0.632
0.103
0.175
1.112
0.829
0.357
0.527
1.036
0.211
0.105
0.522
1.278
1.066
0.211
0.38
0.158
0.058
0.11
0.393
0.324
0.395
0.195
0.372
0.206
0.364
0.152
0.297
1.21
0.15
0.041
0.146
0.193
0.126
0.293
0.061
0.241
0.251
0.145
1.125
0.088
0.08
0.147
0.184
0.214
1.165
0.132
0.091
0.356
0.011
1.384
0.192
0.272
0.064
0.16
0.316
0.488
0.187
0.216
0.846
0.353
0.14
0.193
0.178
0.109
0.167
0.042
0.951
0.733
0.157
0.493
0.035
0.027
0.078
0.525
0.168
0.212
0.245
1.228
0.795
0.516
0.057
0.11
0.043
0.336
0.092
0.873
0.347
0.068
0.395
0.589
0.691
0.69
0.236
0.455
0.635
1.059
0.931
0.13
0.581
0.3
0.114
0.207
0.343
0.314
0.019
0.555
0.512
0.561
0.331
0.027
0.036
0.54
0.391
0.139
0.941
0.039
0.27
0.332
0.878
0.09
0.477
0.096
0.125
0.479
0.142
0.539
0.515
0.067
0.637
0.093
0.067
1.551
0.447
0.962
0.443
0.27
0.666
0.068
0.101
0.045
0.048
1.077
0.077
0.354
0.109
0.563
0.834
0.253
0.248
0.054
0.086
0.31
0.781
0.794
0.225
0.245
0.69
0.307
0.97
0.258
0.322
0.299
0.811
1.007
0.293
0.667
0.814
0.555
0.631
1.164
0.277
1.275
0.011
0.117
0.237
0.392
0.067
0.421
0.291
0.02
0.008
0.439
0.269
0.087
0.144
0.615
0.111
0.357
0.312
0.757
0.039
0.095
0.081
0.154
0.05
0.248
1.127
0.483
0.238
0.131
0.273
0.053
0.58
0.101
0.057
0.409
1.029
0.386
0.057
0.647
0.217
0.365
1.238
1.489
0.437
0.683
0.804
0.614
0.099
0.607
0.164
0.869
0.886
1.39
0.043
0.056
0.022
0.72
0.153
1.62
0.341
0.241
1.387
0.372
0.189
0.228
0.069
0.147
0.434
0.369
1.09
0.236
0.052
0.472
0.009
0.063
0.31
0.047
0.088
0.351
0.158
0.265
0.234
0.277
0.05
0.559
0.064
0.127
0.267
0.09
0.046
0.286
1.625
0.619
0.853
0.296
0.834
0.013
0.095
0.106
0.328
0.202
0.011
0.143
0.144
0.572
0.228
0.006
0.387
0.272
1.687
0.336
1.394
0.15
0.025
0.982
0.211
0.991
0.356
0.706
0.202
0.218
0.222
0.278
0.079
1.517
0.114
1.11
0.324
0.015
0.799
0.307
0.141
0.043
0.038
0.179
0.269
0.339
0.013
0.445
0.677
0.131
0.848
1.603
0.359
0.35
0.09
0.388
0.467
0.165
0.08
0.112
0.41
1.722
0.145
0.231
1.828
0.113
0.015
0.858
0.082
0.397
0.12
0.771
0.723
0.538
0.517
0.103
0.446
0.18
0.441
0.274
0.085
0.315
0.428
0.841
0.035
0.076
0.722
0.415
0.174
0.143
0.197
1.359
0.421
1.005
0.61
0.601
0.008
0.073
0.059
0.102
0.109
0.69
0.148
0.452
0.075
0.25
0.849
0.539
1.069
0.246
0.271
0.584
0.041
0.792
0.719
1.155
0.598
0.934
0.579
0.067
0.014
0.543
0.014
0.378
0.461
0.186
0.122
0.554
0.163
0.512
0.239
0.414
0.16
0.261
1.145
0.046
0.069
1.739
0.223
0.207
0.236
0.537
0.09
0.867
0.035
0.279
1.838
1.156
0.057
0.472
0.143
0.168
1.163
0.914
0.205
0.237
0.063
0.047
1.257
1.12
1.148
0.118
0.694
0.53
0.133
0.463
1.246
0.457
0.022
0.026
0.407
0.327
0.294
0.081
0.57
0.967
0.296
0.622
0.217
0.249
0.35
0.371
0.72
0.078
0.129
0.277
0.162
0.621
0.335
0.176
0.488
0.554
0.163
0.372
0.145
0.375
0.253
0.22
0.017
0.415
1.328
0.207
1.055
0.195
0.57
0.556
0.431
0.374
0.782
0.278
0.353
0.327
0.294
0.583
0.181
0.673
0.1
0.169
1.788
0.327
0.042
0.295
0.039
0.157
0.267
0.075
0.113
0.288
0.415
0.131
0.291
0.662
1.33
0.165
0.112
0.708
0.095
0.159
1.469
0.075
0.14
0.314
0.225
1.425
0.494
0.117
0.029
0.495
0.177
0.132
0.402
0.698
1.165
0.589
1.065
0.15
0.183
0.833
0.998
0.27
0.908
0.11
0.092
0.37
0.266
0.064
0.973
0.296
0.264
0.581
0.687
0.2
0.148
0.434
0.774
0.207
0.279
0.361
0.067
0.065
0.891
0.412
0.1
0.083
1.32
0.552
0.106
0.943
0.952
0.467
0.62
0.009
0.178
0.263
0.425
0.83
0.161
0.407
0.285
0.141
0.38
0.295
0.134
1
0.031
0.677
0.167
0.08
0.563
0.065
0.401
1.332
0.53
0.31
0.238
0.102
0.025
0.042
1.029
0.626
1.053
0.186
0.076
0.417
0.104
0.289
0.286
0.715
0.437
0.04
0.633
0.147
0.043
0.116
0.404
0.986
0.065
0.037
0.052
1.486
0.125
0.197
0.15
0.847
0.026
0.166
0.516
0.12
0.125
0.244
0.076
0.491
0.5
0.316
0.235
0.81
0.126
0.008
0.752
0.063
0.04
1.55
0.581
0.305
0.082
0.7
0.365
0.457
0.089
0.493
0.192
0.068
1.144
0.197
0.211
0.113
0.237
0.577
0.166
0.26
0.186
0.92
1.216
0.083
0.078
0.021
0.243
0.382
0.829
0.096
0.201
0.354
0.092
0.246
0.429
1.106
0.099
0.163
0.788
0.587
0.417
0.193
0.177
1.913
0.833
0.276
0.398
0.204
0.341
0.569
1.507
0.144
0.19
0.048
0.307
0.191
0.476
0.623
0.271
0.467
1.495
0.193
0.116
0.267
0.259
0.29
0.168
0.072
0.717
0.822
0.249
0.063
1.052
0.133
0.107
1.424
0.174
0.173
0.97
0.126
0.86
0.537
0.05
0.826
0.448
0.366
0.164
0.127
0.158
0.266
0.825
0.487
0.106
0.178
0.216
0.095
0.966
0.024
0.701
0.285
0.399
0.449
0.721
0.071
0.778
0.62
0.064
0.219
0.155
0.596
0.546
0.492
1.222
1.272
0.646
0.096
0.192
0.919
0.108
0.006
0.098
0.554
0.339
0.629
0.834
0.854
0.142
0.046
0.215
0.061
0.342
0.565
1.099
0.203
0.151
0.189
0.801
0.178
0.132
0.162
0.148
0.864
0.201
0.09
0.143
0.291
0.725
0.866
0.632
0.055
1.169
1.165
0.039
1.412
1.497
0.124
0.072
0.121
0.24
0.517
0.408
0.179
0.118
0.22
0.094
0.779
1.023
0.805
0.079
0.52
0.021
0.172
0.577
0.085
0.311
1.311
0.968
0.134
0.032
0.981
0.172
0.634
0.593
0.159
0.393
0.394
0.274
0.303
0.626
0.227
0.081
1.474
0.442
1.284
0.135
0.215
0.303
0.064
1.769
0.394
1.143
0.156
0.053
0.381
0.085
0.09
1.083
0.18
0.172
0.326
0.308
0.202
0.362
0.093
0.182
0.053
0.649
0.019
0.346
0.936
0.116
0.883
0.835
0.292
0.195
1.157
0.062
0.055
0.247
0.062
1.345
1.274
0.077
0.779
1.047
0.036
0.076
0.242
1.024
1.005
0.058
1.031
0.559
1.026
0.308
0.67
0.578
0.174
0.415
0.525
0.07
0.692
0.772
1.604
0.997
1.053
0.903
0.536
1.146
0.168
0.257
0.726
0.064
0.131
1.043
0.905
1.107
1.243
0.039
0.326
0.541
0.036
0.091
0.077
0.328
0.451
1.108
0.193
0.402
0.672
0.048
0.076
0.248
0.009
0.113
0.065
0.62
0.246
0.046
0.059
1.268
0.373
0.035
0.1
0.042
0.18
0.035
0.179
0.367
0.639
0.264
0.267
0.25
1.218
0.048
0.171
0.145
0.224
0.465
0.881
0.415
0.109
1.575
0.136
0.233
0.802
0.792
0.694
0.442
0.343
0.081
0.083
1.256
0.158
0.507
0.325
0.193
0.043
0.695
0.077
0.244
0.062
0.112
0.984
0.252
0.098
0.991
0.565
0.178
0.159
0.51
0.063
0.284
0.039
0.224
0.056
0.362
1.084
0.616
0.429
0.431
0.772
0.45
1.115
0.283
0.109
0.223
0.554
0.726
0.257
0.01
0.097
1.056
0.159
0.197
1.167
1.751
0.241
0.082
1.382
1.513
0.168
0.222
0.407
0.532
0.23
0.201
0.124
1.483
0.218
0.134
0.392
0.238
0.566
0.022
0.185
1.035
0.818
0.04
0.044
0.02
0.051
0.168
1.169
1.417
0.417
0.063
0.072
0.38
0.617
0.136
0.554
0.185
0.352
0.019
0.197
0.632
0.175
0.217
0.349
0.594
0.86
0.077
0.14
0.75
0.129
0.044
0.415
0.123
0.19
0.429
0.335
0.333
0.579
0.954
0.192
0.127
0.035
0.279
0.622
0.159
0.231
0.586
0.315
0.334
0.269
0.103
1.525
0.399
0.284
0.492
0.269
0.437
0.331
1.779
1.238
0.182
1.158
0.036
0.158
0.12
0.175
0.062
0.178
0.193
0.253
0.055
0.081
1.259
1.032
1.311
0.342
0.108
0.33
0.318
0.379
0.225
1.291
1.202
0.524
0.232
0.228
0.868
0.142
0.059
0.59
1.27
0.271
0.788
0.924
1.302
1.148
0.72
0.258
0.061
0.144
0.733
0.862
0.926
1.743
0.831
1.214
1.329
0.212
1.559
0.209
0.289
0.214
0.6
0.157
0.197
0.07
0.212
0.148
0.141
0.093
0.643
0.008
0.484
0.206
0.157
1.153
1.1
1.129
0.159
0.066
0.073
0.289
0.063
0.313
0.847
1.562
0.122
0.287
0.235
0.033
0.271
0.746
0.331
0.132
0.154
0.59
0.047
0.957
0.051
0.068
0.114
0.19
0.567
0.617
1.048
0.186
0.052
0.062
0.156
0.263
1.013
0.887
0.215
0.478
0.23
0.373
0.129
0.093
0.549
0.088
0.452
0.454
0.028
0.547
0.634
0.1
0.067
1.687
0.661
0.376
0.016
0.246
0.243
0.041
0.288
0.415
0.17
1.779
1.589
0.041
0.453
0.5
0.414
0.551
0.024
0.503
0.827
1.469
0.611
0.455
0.7
0.508
0.292
0.305
0.006
0.347
0.364
0.197
0.434
0.395
0.06
0.223
0.262
0.755
1.216
0.581
0.054
0.05
0.929
0.12
0.518
0.211
0.831
0.719
1.414
0.062
0.094
0.501
0.966
0.233
0.602
0.41
1.042
0.516
1.724
0.061
1.382
0.097
0.191
0.594
0.593
0.073
1.651
0.551
0.906
0.231
0.581
0.095
0.394
0.198
0.019
0.228
0.388
0.132
1.274
0.132
0.022
0.428
0.072
0.403
0.509
0.206
1.289
0.095
0.138
0.904
0.97
0.185
0.101
0.072
0.397
1.298
1.623
0.258
0.225
0.548
0.179
0.427
0.66
0.3
0.13
0.012
1.445
0.395
0.639
0.798
0.132
0.15
0.311
0.91
0.168
0.455
0.062
0.683
0.049
0.075
0.339
0.129
1.444
0.132
1.185
0.553
0.281
0.674
0.13
0.033
1.057
0.076
0.577
0.542
1.005
0.04
0.333
0.344
1.296
1.44
0.137
0.163
0.076
0.167
0.042
0.585
0.406
0.193
0.36
0.148
0.143
1.247
0.407
0.771
0.689
0.33
0.052
0.416
0.304
0.84
0.624
0.059
0.546
0.502
0.149
0.992
0.253
0.644
1.032
0.99
0.385
0.161
0.143
0.64
0.317
1.151
0.394
0.045
1.459
0.137
0.634
0.149
0.124
0.074
0.159
0.907
0.046
0.35
0.506
0.402
0.36
0.564
0.145
0.342
0.402
0.159
1.435
0.489
0.135
0.14
0.458
0.106
0.934
0.06
0.733
0.451
0.644
0.149
0.21
0.208
0.058
0.895
1.221
0.578
0.195
0.051
0.128
0.094
0.894
0.767
0.071
0.85
0.116
0.478
1.033
0.154
1.272
0.376
0.547
0.213
0.082
0.918
0.108
0.215
1.858
0.261
1.308
0.16
0.511
0.561
0.432
0.958
0.04
1.377
0.642
0.266
0.559
0.084
0.321
0.047
0.288
0.293
0.691
0.082
0.49
0.567
0.297
0.674
0.121
0.222
1.625
0.134
0.115
1.635
0.882
0.028
0.624
0.019
0.24
0.483
0.258
0.778
0.062
0.455
0.394
0.089
0.275
0.082
0.322
0.152
0.897
0.043
0.797
0.075
0.498
0.299
0.276
0.141
0.536
0.243
0.321
0.362
0.295
0.269
0.607
0.265
0.23
0.214
0.162
0.041
0.041
0.512
0.753
0.102
0.97
0.289
1.58
0.044
0.545
0.572
0.244
0.173
0.862
0.184
0.814
0.393
0.886
0.432
0.637
0.283
0.055
0.291
0.295
0.186
1.665
0.638
0.717
0.146
0.683
0.387
0.091
0.265
0.945
0.017
0.025
0.62
1.149
0.214
0.038
0.22
0.654
0.429
1.237
0.547
1.009
0.222
0.088
0.04
0.034
0.886
0.638
0.208
0.185
0.128
0.875
0.295
0.58
0.528
0.222
0.745
0.103
1.755
0.007
0.24
1.506
0.256
0.14
0.051
0.495
0.09
0.951
0.011
0.284
1.096
0.473
0.144
0.027
0.281
0.026
0.097
0.026
0.134
1.607
0.344
0.268
0.57
0.17
0.07
0.054
0.586
0.012
0.357
0.703
0.382
0.303
0.293
0.647
0.351
0.358
0.805
1.32
0.156
0.024
0.531
0.548
0.831
0.853
0.051
0.952
0.656
0.091
0.782
1.491
0.196
0.124
0.183
0.167
0.231
0.709
0.354
0.852
0.032
0.079
0.232
0.354
0.458
0.337
0.167
0.034
0.019
0.292
0.944
0.372
0.666
0.09
1.094
0.067
1.413
0.807
0.14
0.725
1.033
0.796
0.063
0.536
0.591
0.803
0.338
0.191
0.099
0.069
0.109
0.011
0.191
0.385
0.302
0.79
0.431
0.087
1.126
0.124
0.034
0.111
0.617
0.531
1.36
0.012
0.086
0.275
0.461
0.128
0.383
0.291
0.055
0.332
0.298
0.044
0.274
0.121
0.316
0.233
0.28
0.63
0.159
0.332
0.486
0.117
0.394
0.565
0.717
0.993
0.894
0.028
0.028
0.103
0.433
0.037
0.203
0.041
0.095
0.352
0.899
0.491
0.437
0.77
1.48
0.261
0.056
0.503
0.29
0.188
0.102
0.43
0.127
0.827
0.909
0.84
0.237
0.788
0.108
0.109
0.39
0.418
0.174
0.547
1.214
0.289
0.313
0.134
0.625
0.371
0.179
0.756
0.246
0.567
0.182
1.156
0.505
0.642
0.652
0.076
0.258
0.934
1.723
0.198
0.178
0.181
0.682
0.167
0.01
0.055
0.186
0.472
0.092
1.668
0.01
1.656
1.125
0.549
0.867
0.717
0.319
0.318
0.588
0.382
0.46
1.465
0.352
0.124
0.013
0.031
0.363
0.679
0.327
0.199
0.186
0.025
0.199
0.184
0.314
0.222
0.043
0.885
1.119
0.717
0.108
0.154
0.105
0.033
1.283
0.018
0.16
0.209
0.195
0.352
0.591
0.622
0.17
0.867
0.487
0.028
0.189
0.312
0.189
0.262
0.289
0.049
0.202
0.415
0.267
0.188
0.454
0.507
0.034
0.607
0.223
0.547
1.203
0.378
0.024
1.002
0.064
0.198
0.498
0.838
0.017
0.476
0.684
0.081
1.415
0.227
0.251
0.033
0.048
0.646
0.394
0.034
0.214
0.028
0.017
0.042
0.043
0.11
0.058
0.142
0.174
1.59
0.163
1.171
0.148
0.028
0.436
0.147
0.271
0.191
0.023
0.131
0.105
0.332
0.067
0.469
0.163
0.421
0.118
0.087
0.351
0.389
0.04
0.402
0.213
0.854
0.688
0.426
0.237
0.101
0.146
1.09
0.545
0.194
0.113
0.051
0.267
1.065
0.26
0.181
0.031
0.376
0.375
0.185
1.472
0.147
0.545
0.819
0.457
1.328
1.108
0.425
1.497
0.254
0.23
1.237
0.316
0.039
1.205
0.141
0.115
0.009
0.09
0.038
0.033
0.135
0.108
1.242
0.952
0.157
0.193
0.144
0.03
0.259
1.103
1.089
0.209
0.758
0.048
0.115
0.174
0.044
0.534
0.226
0.399
0.865
0.782
0.146
1.415
0.108
1.51
0.098
0.854
0.386
0.854
0.756
0.824
0.149
0.282
0.017
1.109
0.15
0.138
0.307
0.319
0.827
0.177
0.361
0.114
0.087
0.388
0.271
0.34
0.236
0.427
0.055
1.004
0.844
0.139
0.351
0.128
0.267
0.012
0.035
0.982
0.1
0.713
0.713
0.154
0.933
0.366
0.212
0.027
0.388
0.536
0.799
0.198
0.071
0.068
0.281
0.981
0.356
0.475
0.709
0.604
0.11
1.404
0.391
0.046
0.181
0.269
0.282
0.32
0.152
0.716
0.637
0.178
0.12
0.181
0.275
0.134
1.551
0.46
0.1
0.022
0.049
0.24
0.126
0.888
0.968
0.191
1.271
0.375
0.465
0.82
0.897
0.194
0.303
0.838
0.69
0.882
0.865
1.244
0.167
0.39
0.013
0.511
0.419
0.165
0.352
0.25
0.926
0.209
0.14
0.179
0.679
0.277
0.353
0.709
0.11
0.742
0.441
0.58
0.173
0.273
0.119
0.343
1.431
0.26
0.74
0.342
1.136
1.172
0.071
0.212
0.435
0.011
0.64
0.081
0.18
0.068
0.069
0.126
0.135
1.075
0.847
0.026
0.051
0.157
0.617
0.104
0.552
0.474
0.653
0.845
0.011
0.009
0.574
0.091
0.118
0.139
0.034
0.048
0.282
0.078
0.339
1.165
0.413
0.065
0.546
0.036
0.695
0.185
0.69
0.102
1.216
0.363
0.756
0.192
0.157
0.825
0.298
0.258
0.44
0.33
0.296
0.463
1.059
0.147
0.517
1.179
0.143
0.475
0.223
0.027
0.386
0.93
0.173
0.274
0.027
0.124
0.133
1.521
0.044
0.176
0.776
0.828
0.204
0.081
0.208
0.055
0.036
0.497
0.28
0.104
0.827
1.182
0.053
0.195
0.52
0.715
0.774
0.164
0.625
1.495
0.395
0.178
0.149
0.185
0.152
0.079
0.372
0.025
0.592
0.092
0.363
0.342
0.045
0.8
0.046
1.332
0.1
0.132
0.795
0.165
0.231
0.283
0.291
0.491
1.194
0.248
0.228
0.246
0.192
0.157
1.489
0.112
0.789
0.136
0.055
0.063
0.361
0.057
0.104
0.416
0.216
0.264
0.469
0.138
0.802
0.031
0.357
0.042
0.717
1.065
0.56
0.506
0.288
0.187
0.529
0.568
0.426
0.275
0.188
0.05
0.989
0.096
0.145
0.198
0.146
0.1
0.073
0.9
0.136
0.145
1.497
0.559
0.224
1.034
0.062
0.141
0.366
0.08
0.196
0.525
0.813
0.133
0.143
0.149
0.144
1.026
0.58
0.227
0.169
1.239
0.748
0.227
0.351
0.822
0.196
0.905
0.101
0.387
0.286
0.752
1.12
0.065
0.13
0.187
0.024
0.259
0.283
0.525
1.226
0.348
0.165
0.445
0.482
0.035
0.284
0.063
1.506
0.303
0.066
0.161
1.118
0.35
0.358
0.079
0.11
0.087
0.929
0.267
1.193
0.835
0.325
0.219
0.043
0.561
0.601
1.14
0.308
0.155
1.33
0.078
0.473
0.769
0.991
1.127
0.937
0.066
0.351
0.096
0.138
0.288
0.194
0.035
0.074
0.339
0.794
0.289
0.87
0.241
0.5
0.219
0.43
0.122
1.582
0.671
0.056
0.02
0.094
1.451
0.852
0.078
1.051
0.241
0.162
0.454
0.378
0.509
0.068
0.045
0.279
0.094
1.356
0.58
0.462
0.595
0.055
0.865
0.107
0.338
0.098
0.98
1.047
0.358
0.602
0.189
0.888
0.13
0.038
0.472
1.055
0.003
1.291
0.175
0.817
0.294
0.075
0.256
0.757
0.048
0.592
0.36
0.586
0.151
0.402
0.492
0.063
0.561
0.127
0.28
0.168
0.246
1
0.208
0.829
0.262
0.102
0.334
0.627
0.099
0.783
0.261
0.856
0.327
0.138
0.15
0.093
0.209
0.012
0.483
0.346
0.296
0.401
0.015
0.406
0.504
0.346
0.703
0.472
1.442
0.035
0.078
1.662
0.105
0.083
0.415
0.102
0.525
0.152
0.591
0.304
0.274
1.249
0.502
0.031
0.116
0.061
0.452
1.001
0.281
0.71
0.188
0.279
0.137
1.194
1.375
0.1
0.233
0.066
0.149
0.032
0.061
0.359
1.015
0.037
0.185
0.105
0.106
0.735
0.42
0.037
0.393
0.049
0.027
1.477
0.083
0.988
0.66
0.26
0.713
0.228
0.389
0.098
0.122
1.393
0.013
0.171
1.303
0.171
0.1
0.539
0.987
0.11
0.941
1.045
1.212
0.444
0.993
0.38
0.541
0.514
0.437
0.212
0.194
0.771
0.683
0.779
0.781
0.713
0.295
0.12
0.222
0.741
0.271
0.204
0.035
0.432
0.185
0.414
0.074
0.351
0.039
0.285
0.583
0.121
1.435
0.815
0.34
0.65
0.474
0.298
0.926
0.421
0.526
0.669
1.666
0.134
0.038
0.473
0.084
0.46
0.14
0.057
0.122
0.963
0.294
0.385
0.137
0.424
0.106
0.776
0.177
0.048
0.743
0.106
0.14
0.212
0.081
0.472
0.846
0.474
0.274
0.22
0.013
1.524
0.22
0.141
0.008
0.66
0.921
0.102
0.156
0.373
0.109
0.445
0.992
0.192
0.077
0.104
0.92
0.316
0.039
0.034
0.417
0.056
0.169
0.158
0.554
0.512
0.071
0.422
0.356
0.027
0.15
0.091
0.059
1.131
0.209
1.135
0.114
0.012
0.513
0.563
0.153
0.377
1.116
1.124
0.186
0.115
1.062
0.263
0.153
0.485
0.321
0.06
0.072
0.09
0.396
0.257
1.068
0.038
1.056
0.511
0.238
0.367
0.591
0.209
0.487
0.225
0.582
0.488
0.53
0.857
0.187
0.317
0.651
0.326
0.565
0.035
0.32
1.189
0.414
0.065
0.745
0.968
0.126
1.356
0.052
0.551
0.693
1.492
0.235
0.615
0.363
0.93
0.19
0.534
0.362
0.472
0.091
0.248
0.241
0.195
0.325
0.724
1.442
0.678
0.45
0.38
0.176
0.94
0.087
0.064
0.712
0.039
0.358
0.897
1.044
0.024
1.192
0.114
0.019
0.051
0.385
0.076
0.842
0.058
0.532
0.448
0.898
0.038
0.282
1.506
0.54
1.486
0.025
1.204
0.321
0.481
0.18
0.011
1.076
1.357
0.396
0.157
0.197
0.501
0.083
0.819
0.034
0.097
1.887
0.128
1.092
0.128
0.376
0.585
1.055
0.628
1.46
0.207
0.197
0.298
0.937
0.531
0.049
0.528
0.183
1.434
0.906
1.415
0.106
0.668
0.216
0.117
0.109
0.031
1.817
1.159
0.97
0.399
0.493
0.051
0.058
0.321
0.352
0.154
0.161
0.514
0.197
0.415
0.094
0.066
0.701
0.467
0.096
0.436
0.125
0.408
0.033
0.224
0.048
1.743
1.086
0.14
1.038
0.063
0.068
0.526
0.346
0.481
0.261
0.111
0.497
0.949
0.17
1.699
0.59
0.407
0.472
0.326
0.334
0.825
0.266
0.113
0.683
0.555
0.937
0.899
0.268
0.299
0.764
0.1
0.549
0.557
0.43
1.881
0.962
0.36
0.206
0.085
0.386
0.195
0.108
0.114
0.822
0.405
0.223
1.084
0.769
0.066
0.197
0.614
0.187
0.715
0.756
0.623
0.528
1.519
0.191
0.087
1.489
0.147
1.035
0.227
0.366
0.109
0.189
0.33
0.292
0.067
0.736
0.976
0.801
0.555
0.301
0.746
0.047
1.874
1.005
0.17
0.05
0.034
0.274
0.028
0.287
0.95
0.155
0.424
0.219
0.673
0.042
0.159
0.142
0.447
0.007
0.974
0.209
0.632
0.242
0.07
0.183
1.583
0.513
0.167
0.085
0.007
1.528
0.162
0.565
0.583
0.05
0.491
0.385
0.125
1.694
0.776
0.28
0.648
0.397
0.036
0.384
0.109
0.166
0.227
0.271
0.769
0.795
1.037
0.557
0.305
0.187
0.034
0.473
0.854
0.3
0.139
0.074
0.028
1.214
0.116
1.039
0.539
0.343
0.271
1.052
0.253
0.459
0.317
1.366
0.409
0.083
0.257
0.884
0.052
0.029
0.13
0.126
0.719
0.035
0.087
0.071
0.265
0.657
0.409
0.313
0.485
0.129
0.849
0.377
0.876
1.333
0.218
1.025
0.272
0.128
0.285
0.848
0.966
0.306
1.252
0.258
0.322
0.585
0.056
0.754
0.78
0.151
0.145
0.092
0.015
0.511
0.143
0.054
0.023
0.697
1.024
1.036
0.336
0.428
0.444
0.256
0.708
0.138
0.169
0.048
0.244
0.16
0.143
0.288
0.231
0.122
0.308
0.111
0.158
0.33
0.393
0.286
0.23
0.869
0.728
0.065
0.526
0.015
0.463
0.3
0.003
0.02
0.343
0.931
0.424
1.099
0.66
0.185
0.024
0.158
0.744
1.067
0.597
0.171
1.292
0.21
0.084
0.792
0.216
0.173
0.112
0.463
0.117
0.682
0.484
0.091
0.522
0.197
0.779
0.483
0.132
0.058
0.673
0.261
0.117
0.107
0.421
0.843
0.24
1.156
0.405
1.603
0.034
0.091
0.82
0.195
1.792
0.674
0.055
0.105
0.792
0.086
0.615
0.039
0.313
0.095
0.52
0.057
0.107
0.563
0.148
0.681
0.07
0.435
0.329
1.388
0.065
0.447
0.308
1.244
0.361
0.118
0.699
0.402
0.056
0.151
0.888
0.091
0.789
0.154
1.095
0.079
0.033
0.067
0.587
0.14
0.251
0.059
0.686
0.228
0.306
0.911
0.783
0.039
0.079
0.06
0.125
0.05
0.39
0.165
0.179
0.689
0.213
0.339
0.495
0.339
0.383
0.353
0.148
0.052
0.975
0.989
0.456
0.56
0.837
0.075
0.142
0.215
0.924
0.376
0.027
0.196
0.606
0.753
0.1
0.234
0.083
0.035
0.064
0.94
0.444
0.857
1.635
0.056
0.294
0.809
1.401
0.277
0.191
1.004
0.047
0.183
0.12
0.351
0.854
0.348
0.474
0.289
0.098
0.143
0.308
0.336
0.588
0.703
0.085
0.384
0.784
1.406
0.036
0.126
0.047
0.789
0.511
1.077
0.045
0.536
0.481
0.076
0.686
0.121
0.233
0.811
0.722
0.171
0.302
0.07
0.787
0.21
0.249
0.05
0.687
0.294
0.241
0.547
0.37
0.041
1.168
0.113
0.123
0.129
0.698
1.761
1.672
1.351
0.455
0.163
0.071
0.606
0.158
0.65
0.285
1.369
0.369
0.402
0.071
1.263
0.107
0.516
0.497
0.025
0.072
0.85
1.307
0.194
0.13
0.218
0.251
0.145
1.09
1.424
0.65
0.566
0.271
0.064
0.381
1.087
0.052
0.184
0.305
0.02
0.059
0.573
0.631
0.155
0.475
0.327
1.496
0.093
1.237
0.273
0.523
0.018
0.41
0.234
0.466
0.256
0.318
0.12
0.129
0.239
0.781
0.124
0.376
0.164
0.262
0.075
0.277
0.559
0.213
0.093
0.366
0.826
0.465
0.071
0.672
0.018
0.039
0.59
0.305
0.095
1
0.216
0.641
0.095
0.179
0.238
0.246
0.192
0.345
0.167
0.554
0.207
0.071
0.947
0.183
0.415
0.341
0.08
1.239
0.061
0.172
0.697
0.285
1.037
0.204
0.429
0.566
0.075
0.267
0.497
1.148
0.089
0.67
0.192
0.717
0.037
0.781
0.212
0.979
0.733
0.092
0.343
1.455
0.265
0.963
0.279
0.182
0.428
1.574
0.045
0.657
0.358
0.273
0.259
0.322
0.249
0.407
1.17
0.56
0.229
0.577
0.194
0.061
0.969
0.196
0.332
0.065
0.306
0.68
0.221
0.609
0.973
0.083
0.435
0.999
0.08
0.012
0.612
0.05
0.491
0.639
0.113
0.157
0.178
0.143
0.559
0.104
1.09
0.424
0.178
0.297
1.111
1.459
0.046
0.314
1.544
0.099
0.231
0.03
0.124
0.177
0.49
1.539
0.346
0.411
0.2
0.056
0.349
1.172
0.579
0.167
0.064
0.899
0.036
0.612
0.554
0.501
0.877
0.695
0.129
0.054
0.052
0.32
0.086
0.113
0.713
0.277
0.22
0.155
0.137
0.053
0.198
0.216
0.118
0.098
0.865
0.008
0.15
0.546
0.135
0.539
0.147
0.087
0.011
0.086
0.47
0.325
0.996
1.477
0.069
0.398
0.497
0.647
0.52
0.688
0.835
0.176
0.846
0.646
0.114
0.054
0.339
0.524
0.268
0.551
0.092
0.019
0.5
0.568
0.116
0.317
0.761
1.804
0.064
1.206
0.137
0.596
0.192
0.339
0.332
0.031
0.936
0.285
0.334
0.112
1.12
0.388
0.154
1.326
0.484
1.872
0.087
0.047
1.363
0.916
0.136
0.162
0.102
0.192
0.223
0.392
0.738
0.699
0.121
0.601
0.066
0.562
0.137
0.597
1.652
0.084
0.219
0.576
0.529
0.496
0.629
0.106
0.223
0.173
0.869
0.051
1.075
1.212
0.131
0.046
0.157
1.023
0.554
0.906
0.242
0.079
0.04
1.596
0.151
1.021
1.23
0.104
0.144
0.053
0.89
0.384
1.011
0.639
0.37
0.407
1.532
0.393
0.516
0.318
0.167
0.322
0.207
0.692
1.025
0.328
0.35
0.406
1.185
0.181
0.134
0.077
0.353
0.229
0.276
0.107
0.147
0.063
0.203
0.155
0.19
1.327
0.472
0.643
0.638
0.428
1.125
0.291
0.073
0.048
0.129
0.385
1.072
0.145
0.161
0.079
0.396
0.079
0.302
0.962
0.553
0.2
0.281
0.238
1.342
0.276
0.277
0.088
0.883
0.503
1.634
0.224
0.82
0.04
0.604
0.432
0.347
0.475
0.55
0.597
0.058
0.159
0.1
0.414
0.126
0.735
0.177
0.994
0.173
0.82
0.884
0.032
0.172
0.304
0.057
1.402
0.117
0.025
0.029
1.353
0.284
0.181
0.968
0.134
0.04
0.327
1.491
0.021
0.117
0.283
0.532
0.202
0.824
1.096
0.663
0.255
1.652
0.376
1.215
0.062
1.485
0.396
0.844
0.221
0.017
0.135
1.731
0.142
0.408
0.382
0.293
0.107
0.11
0.146
0.804
0.064
0.034
0.115
0.043
0.232
0.323
0.333
0.08
0.18
0.173
0.176
0.072
0.146
0.862
0.261
0.173
0.133
0.031
0.25
0.243
0.564
0.203
0.294
0.536
0.071
0.311
0.559
0.272
0.242
0.106
0.207
0.014
0.679
0.058
0.11
0.963
0.005
1.332
0.498
0.445
0.313
0.063
0.207
0.418
0.06
0.23
0.262
0.071
0.215
0.068
0.722
0.481
0.105
0.688
0.172
0.423
0.282
1.307
1.458
1.064
0.024
0.356
0.034
0.551
0.199
0.078
0.494
0.067
0.057
0.983
0.192
0.263
0.329
0.963
0.153
0.034
0.45
0.626
0.265
0.352
0.701
0.106
0.978
0.265
0.022
1.22
0.184
0.228
0.356
1.344
0.255
0.282
0.188
0.493
0.09
1.617
0.62
0.077
0.742
1.228
0.896
0.854
0.088
1.315
1.584
0.503
0.263
0.977
0.196
0.33
0.648
0.026
0.66
0.011
0.373
0.434
0.05
0.209
0.866
0.225
0.034
0.194
0.39
0.197
0.613
0.427
0.161
0.055
0.021
1.126
0.09
0.084
0.109
0.079
0.331
0.01
1.325
0.543
0.503
0.742
1.604
0.107
0.41
0.093
0.052
1.045
0.209
1.172
0.192
0.434
0.158
0.073
0.034
0.493
0.054
0.616
0.13
0.009
0.659
0.114
1.762
0.227
0.744
0.929
1.386
0.129
0.321
1.522
0.741
0.092
1.086
0.41
0.612
0.526
0.231
0.016
0.365
1.088
0.691
0.093
1.009
0.087
0.031
0.673
0.832
0.022
0.165
0.239
0.204
0.309
0.049
0.987
0.147
0.024
0.324
0.623
0.185
0.017
0.012
0.112
1.311
0.169
0.341
1.374
0.074
0.447
0.73
0.298
0.181
0.355
0.508
0.206
0.454
0.475
0.33
0.385
1.621
0.471
0.067
1.713
0.074
0.153
0.444
0.038
1.745
0.858
0.098
0.143
1.06
0.185
0.257
0.352
0.251
0.094
1
0.137
0.399
0.578
0.186
0.029
0.437
0.301
0.058
0.333
0.34
0.339
0.691
0.138
0.617
0.021
0.145
1.501
0.595
0.227
0.087
0.489
0.357
0.892
0.909
0.774
0.28
0.166
0.301
0.061
0.72
0.087
0.556
0.094
0.109
0.331
0.602
0.247
0.436
0.073
1.371
0.324
0.678
0.058
0.951
0.135
1.065
0.259
0.166
0.667
0.226
0.658
0.132
0.146
0.175
0.204
0.139
0.243
0.587
0.222
0.758
0.171
0.034
0.073
0.374
1.023
0.452
1.268
0.572
1.362
0.712
0.168
0.572
0.514
0.065
0.206
0.607
0.125
0.071
0.831
0.506
0.923
1.462
0.035
0.178
1.591
1.012
0.484
1.063
0.806
0.045
0.361
0.309
0.129
0.02
0.398
0.527
0.084
0.075
0.22
1.316
0.799
0.895
0.603
0.011
0.338
0.248
0.29
0.353
0.107
0.751
0.806
0.206
0.464
0.08
0.077
0.159
0.266
0.045
0.129
0.027
0.683
0.018
0.132
0.61
0.213
0.217
0.635
1.637
0.688
1.487
1.645
0.744
0.058
0.026
0.427
0.081
0.211
0.721
0.175
0.249
1.346
0.178
0.777
0.447
0.093
0.36
0.317
0.686
0.603
1.028
0.23
0.046
0.016
0.201
0.313
1.369
1.293
0.959
1.25
0.215
0.13
1.185
1.127
0.348
1.243
0.692
0.015
0.912
0.119
0.065
0.103
0.078
0.04
1.327
0.104
0.872
1.332
0.121
0.65
0.389
0.489
0.325
0.273
0.36
0.319
0.15
0.048
1.109
0.364
0.102
0.762
0.067
0.133
1.452
0.049
0.309
0.792
1.51
0.14
1.163
0.361
0.927
0.131
0.202
0.114
0.03
1.716
0.287
1.13
0.497
0.376
0.554
0.561
0.161
0.886
0.248
0.668
0.028
0.622
0.293
0.606
0.265
0.236
0.143
0.204
0.934
0.015
0.019
0.43
0.022
0.069
0.19
0.045
0.708
0.041
0.11
0.029
0.302
0.489
0.166
0.351
0.722
0.084
0.672
0.427
0.028
0.342
0.356
0.144
0.989
0.371
0.376
0.442
0.062
0.273
0.042
0.821
0.16
0.26
0.26
0.577
1.089
0.458
0.199
0.192
0.998
0.173
1.279
0.174
0.116
0.282
0.305
0.183
0.183
0.283
0.416
0.174
0.404
0.215
0.805
0.065
1.273
0.339
0.166
0.026
1.302
0.283
0.364
0.577
0.007
0.597
0.357
0.432
0.368
0.058
0.174
0.048
0.191
0.383
0.112
0.327
1.319
0.415
0.331
0.552
0.222
0.394
0.051
1.609
0.612
0.475
0.369
0.418
0.874
0.607
1.11
0.065
0.019
0.026
0.506
0.313
0.079
0.024
0.663
0.416
1.232
0.236
1.103
0.085
0.287
0.367
0.711
0.038
0.767
0.807
0.435
0.391
0.59
0.317
0.316
0.55
0.023
0.173
0.351
0.146
0.475
0.147
0.018
0.015
0.537
0.436
0.315
0.565
0.313
0.291
0.376
0.124
0.137
0.46
0.405
1.07
0.612
0.067
0.631
0.102
0.316
0.387
0.315
0.38
0.327
0.431
0.252
0.11
0.072
0.231
1.074
0.207
0.094
1.446
0.519
0.115
0.078
0.006
0.712
0.22
0.086
0.247
0.058
0.087
0.092
1.077
0.002
1.028
0.324
0.224
0.544
0.082
0.162
0.131
0.598
1.253
0.664
1.172
0.768
0.157
0.345
0.194
0.374
0.224
0.415
0.231
0.212
0.016
0.991
0.673
0.286
0.546
0.908
0.078
0.179
0.078
0.346
1.608
0.027
0.143
0.103
0.057
0.219
0.006
0.661
0.233
0.098
0.044
0.498
0.501
0.091
0.822
0.144
0.188
0.579
0.886
0.32
1.411
0.97
0.074
1.218
0.698
0.511
0.087
0.227
0.02
0.128
0.174
0.816
0.328
0.027
0.239
0.234
0.043
0.538
1.162
1.07
0.381
0.052
0.343
0.14
1.587
1.045
0.098
0.316
0.222
0.323
0.284
0.423
0.344
0.119
0.409
0.703
0.052
0.221
0.281
0.286
0.585
0.235
0.078
1.011
0.032
0.241
0.021
0.185
0.412
0.169
0.52
0.221
0.02
1.16
0.446
0.285
0.241
1.743
0.151
0.177
0.103
0.367
0.217
0.621
0.725
0.11
0.226
0.604
1.038
0.031
0.084
1.187
0.049
0.272
0.911
0.923
0.889
1.163
0.132
0.616
0.153
0.016
0.219
0.047
1.185
0.243
0.305
1.214
0.275
0.331
0.367
0.474
0.613
0.009
0.296
0.453
0.061
0.253
0.059
0.301
0.311
0.221
0.056
0.109
0.544
1.147
0.422
0.303
0.068
0.172
0.267
0.1
0.705
0.083
1.126
0.179
0.157
0.908
0.217
0.558
0.086
0.181
1.055
0.323
0.06
0.109
0.082
0.135
1.193
0.236
0.437
0.113
0.202
1.504
0.597
1.165
0.365
0.523
0.503
0.092
0.067
0.589
0.098
0.419
0.017
0.418
1.398
0.087
0.699
0.024
0.572
0.701
0.14
0.764
1.211
0.605
0.16
1.142
0.05
0.324
1.495
0.311
0.089
0.69
0.096
0.291
0.786
0.075
0.298
0.386
0.307
0.61
0.123
0.039
0.657
0.109
0.129
0.492
0.067
0.578
0.354
0.08
0.193
0.18
0.812
0.042
0.1
0.705
0.173
1.122
0.276
0.049
0.25
0.036
0.068
0.069
1.172
0.396
0.047
0.697
0.303
0.093
0.079
0.632
0.357
0.034
0.483
1.467
0.053
0.373
0.355
0.57
0.105
0.027
0.521
0.986
0.279
0.222
0.378
1.538
0.049
0.592
0.209
0.731
0.087
0.352
1
0.247
0.386
0.299
1.225
0.095
0.861
0.937
1.441
1.049
1.023
1.261
0.145
0.289
0.039
0.062
0.237
1.185
0.228
1.039
0.376
0.712
0.229
0.668
0.734
0.466
0.479
0.057
0.243
0.845
0.127
1.102
0.371
0.104
0.028
0.024
0.78
0.236
0.403
0.58
0.059
0.486
0.134
0.062
0.089
0.126
0.788
0.599
0.056
0.298
0.164
0.567
1.783
0.515
0.682
0.445
1.596
0.093
0.577
0.074
0.268
0.426
0.103
0.759
0.926
0.153
0.167
0.208
0.169
0.295
0.427
0.431
0.754
1.514
0.205
0.345
0.301
0.023
0.884
0.414
0.148
0.514
0.212
0.021
0.92
0.091
0.749
0.64
0.368
0.45
0.011
0.327
0.537
1.116
0.745
0.804
0.512
1.128
0.499
0.225
0.223
0.386
0.087
0.149
0.562
0.151
1.401
0.255
0.402
0.251
0.283
0.406
0.867
0.462
0.321
0.278
1.311
0.6
0.016
1.703
0.375
0.145
0.933
0.229
0.589
0.718
0.201
0.064
1.668
0.901
0.511
0.284
0.136
0.456
0.276
0.649
0.387
0.071
0.261
1.123
0.659
0.46
0.145
1.766
0.992
0.734
0.14
0.493
0.346
0.08
0.113
0.8
1.017
0.223
0.211
0.094
0.428
0.255
0.198
0.145
0.168
0.439
0.552
0.425
1.931
0.611
0.397
0.261
0.04
0.393
0.049
0.052
0.996
0.202
0.729
0.08
0.013
0.161
0.745
0.078
0.674
1.343
0.341
0.177
1.451
0.93
0.061
0.757
0.111
0.041
0.181
0.247
0.828
0.155
0.019
0.137
0.247
0.147
1.207
0.247
0.6
0.317
0.235
0.027
0.049
1.084
0.036
0.093
0.083
0.016
0.025
0.082
0.214
0.315
0.095
0.92
0.207
0.041
0.062
0.079
0.038
1.208
0.047
0.094
0.309
0.069
0.072
0.288
0.076
0.474
0.314
0.674
0.658
0.243
0.259
0.32
0.358
0.057
1.371
0.391
0.717
1.111
0.414
0.027
0.425
0.035
0.046
0.575
0.416
0.057
0.091
0.126
0.798
0.066
0.398
0.054
0.973
0.201
0.578
0.317
0.46
0.284
0.169
0.359
1.859
0.222
1.734
0.689
0.048
0.238
0.479
0.499
0.019
0.081
0.768
0.118
0.125
0.02
0.514
0.751
1.443
0.142
0.034
0.03
1.031
0.966
0.173
0.281
0.618
0.173
0.094
0.578
0.107
0.324
0.718
0.53
1.073
1.029
0.309
0.274
0.091
0.238
0.23
0.614
1.463
1.628
0.104
1.641
0.127
0.163
0.888
0.784
0.194
0.111
0.217
0.908
0.769
0.308
0.128
0.616
0.066
0.188
0.217
0.197
0.469
0.219
0.044
0.336
0.136
1.421
0.091
0.173
0.164
0.125
0.358
0.078
0.59
0.125
1.422
1.313
0.237
0.536
0.9
0.376
0.723
0.72
0.525
0.359
0.632
0.761
0.488
0.454
0.248
0.641
0.885
1.35
0.336
0.087
0.345
0.669
1.303
0.219
0.581
0.387
0.084
0.659
0.19
0.121
1.69
0.09
1.086
0.193
0.682
0.137
0.51
0.033
0.521
0.663
0.81
0.201
0.601
0.206
0.699
0.679
0.163
0.09
0.049
1.003
0.099
0.088
1.301
0.055
0.731
0.049
0.042
0.208
1.694
0.094
0.049
0.143
0.086
0.097
1.476
0.493
1.656
0.192
1.274
1.487
0.142
0.113
0.377
0.794
0.716
0.519
0.601
0.058
0.184
0.529
0.867
0.409
0.113
0.091
0.998
1.022
0.564
0.049
0.322
0.487
0.101
1.21
0.19
0.037
0.061
0.261
0.694
1.882
0.119
0.215
0.374
0.033
0.16
0.37
0.104
0.484
0.075
0.606
0.097
0.107
0.232
0.468
1.058
0.344
0.163
0.116
0.118
1.133
0.165
0.407
0.264
0.216
0.175
0.261
1.408
0.17
0.107
1.273
1.848
0.467
0.91
0.634
1.118
0.224
0.027
0.013
0.081
0.17
0.344
0.106
1.109
0.111
0.779
0.253
0.473
0.06
0.641
0.372
0.339
0.731
0.97
0.012
0.109
0.347
0.02
0.972
0.197
0.558
1.057
1.788
0.538
0.85
0.47
0.078
0.529
0.132
0.663
0.894
0.245
0.31
0.036
0.077
0.052
0.124
0.795
0.148
0.063
0.381
0.256
0.867
0.254
0.067
0.153
0.373
1.299
1.003
0.599
0.108
0.904
0.15
1.323
0.187
0.065
0.119
0.964
0.207
0.623
0.716
0.499
0.194
0.046
0.034
0.52
0.197
0.078
0.155
0.281
0.633
0.708
0.232
0.82
0.192
0.444
0.043
1.397
0.146
0.036
0.11
0.933
0.058
0.053
0.545
1.366
0.598
0.233
0.346
0.517
0.286
0.007
0.406
0.027
0.456
0.213
0.736
0.023
0.28
0.651
0.022
0.129
0.45
0.028
0.039
1.171
1.034
0.551
0.425
0.104
0.245
0.171
0.063
0.476
0.158
0.095
0.031
0.121
0.075
0.323
0.183
0.081
0.203
0.029
0.675
0.759
0.091
0.112
1.127
0.211
0.17
1.444
0.072
0.297
0.093
0.416
0.431
0.654
0.427
0.886
0.43
0.03
0.145
0.669
0.173
0.033
0.056
0.597
0.937
0.174
0.901
1.116
0.419
0.118
0.216
0.096
0.442
0.227
0.192
0.046
0.327
0.902
0.62
0.266
0.176
0.008
0.17
0.03
0.627
0.152
1.144
0.357
0.24
0.516
0.166
0.106
0.3
0.269
0.545
0.057
0.142
0.15
0.164
0.794
0.186
0.119
0.313
0.01
0.232
0.109
0.464
0.392
0.32
0.825
0.086
0.839
0.224
1.625
0.875
0.401
0.274
0.335
0.169
0.571
0.121
0.172
0.641
0.027
0.959
0.616
0.143
0.089
0.082
0.454
0.271
0.495
0.038
0.655
0.099
1.952
0.18
0.075
0.195
0.33
0.32
0.662
0.125
0.041
0.069
0.732
0.64
0.23
1.774
1.369
0.423
0.098
0.683
1.333
0.471
0.042
0.154
0.031
0.944
0.171
0.661
0.068
0.141
0.136
0.723
0.334
0.576
0.631
0.085
0.323
0.083
1.499
0.292
1.48
0.175
0.242
0.498
0.575
0.053
0.45
0.616
0.453
0.223
0.278
0.583
0.305
0.955
1.077
0.031
0.355
0.777
0.25
0.181
0.695
0.588
0.032
0.276
0.345
0.867
0.659
0.204
0.428
0.592
0.322
0.084
2.532
0.954
0.493
0.115
0.084
0.084
0.717
0.054
0.22
0.41
0.193
1.035
0.066
0.655
0.155
0.341
1.707
0.185
2.005
0.232
0.204
1.192
0.158
0.15
0.119
0.392
0.157
0.944
0.782
0.591
0.216
0.16
1.199
0.348
0.365
0.042
0.459
0.547
0.131
0.023
0.17
0.383
1.392
0.291
2.129
0.815
2.191
0.197
2.636
2.43
2.173
0.266
0.568
0.065
0.721
0.281
0.797
0.736
0.367
0.241
0.213
0.274
0.517
0.426
0.211
0.766
0.206
0.132
1.663
0.114
0.124
0.928
1.157
0.109
0.917
0.168
0.525
0.462
0.027
0.107
0.074
0.177
0.106
0.452
0.017
0.084
0.065
0.065
0.093
1.607
0.025
0.03
0.588
0.376
0.138
0.264
0.818
0.042
0.215
0.025
0.129
0.102
0.704
0.64
0.151
0.752
0.797
0.097
0.196
0.067
0.082
0.294
0.768
0.076
0.221
0.159
0.83
0.543
0.069
0.034
0.456
0.223
1.086
0.739
0.449
0.566
1.261
0.827
0.178
0.031
0.235
0.594
1.1
0.287
0.47
0.313
1.071
0.908
0.77
0.32
0.067
0.152
0.038
0.174
0.771
0.003
0.429
0.129
0.194
0.037
0.032
0.041
0.587
0.582
0.115
0.063
0.177
0.464
0.047
0.147
0.402
0.214
0.071
0.618
0.216
0.765
0.48
0.652
0.99
0.436
0.025
0.221
0.263
0.269
0.265
0.441
0.282
0.127
0.094
1.498
0.273
0.625
0.07
0.772
0.112
0.121
0.047
0.378
0.299
0.077
0.478
0.094
0.078
0.103
0.448
0.259
0.192
0.282
0.664
0.063
0.336
0.773
0.632
1.75
0.535
0.119
0.077
0.29
0.311
0.504
1.342
0.233
0.194
0.356
0.144
1.524
0.116
0.492
0.571
0.517
0.466
0.194
0.468
0.697
0.318
0.098
0.575
0.032
0.148
0.027
0.242
1.533
0.29
0.859
0.728
0.014
0.214
0.062
0.355
1.534
0.123
0.677
0.143
0.041
0.589
0.46
0.014
0.087
0.717
0.759
0.686
0.329
0.436
1.563
0.291
0.314
0.244
0.94
1.642
0.716
0.135
1.587
0.925
0.014
0.77
0.473
0.305
0.276
1.646
0.329
0.287
1.022
0.052
0.494
0.199
0.163
0.085
0.869
0.83
0.09
0.377
0.225
0.052
1.672
0.359
0.035
0.087
0.417
0.128
0.486
0.359
0.971
0.342
0.285
0.639
0.799
0.059
0.783
0.531
0.125
1.434
0.268
0.037
0.139
0.059
0.467
0.103
0.261
0.008
1.039
0.732
1.282
0.893
0.324
0.551
1.047
0.219
0.195
0.131
0.895
1.068
0.053
0.209
0.283
0.294
0.174
0.575
1.449
0.024
0.253
0.124
1.033
0.211
0.273
0.18
0.319
0.226
0.651
1.759
1.662
0.199
0.174
0.217
0.197
1.529
0.477
0.463
0.06
0.217
0.214
0.322
0.32
0.19
0.161
0.941
0.057
0.294
0.142
0.876
0.042
0.125
1.402
0.463
0.143
1.915
1.253
0.492
0.835
0.11
0.198
0.124
0.59
0.115
0.028
0.22
0.09
0.996
0.405
0.215
0.268
1.314
0.205
0.571
1.706
0.603
1.09
0.911
1.166
0.575
0.267
0.781
0.071
1.415
0.873
0.211
0.601
0.097
0.034
2.925
0.809
0.019
0.292
0.182
0.253
0.688
0.868
0.064
0.435
0.055
0.143
0.14
0.097
0.445
1.311
0.206
0.23
0.466
0.253
0.682
0.034
0.687
0.462
0.538
0.555
0.303
0.569
0.911
0.653
1.291
2.26
1.498
0.799
2.05
2.231
2.078
0.396
0.483
0.037
0.436
1.094
0.183
0.018
0.609
0.531
0.292
0.266
0.195
0.047
0.768
0.012
0.058
0.478
0.318
0.242
0.054
0.763
0.292
1.025
0.207
0.052
0.568
0.746
0.073
0.178
0.067
1.026
0.169
0.144
0.32
0.681
0.476
0.123
0.303
0.25
0.089
1.313
1.125
0.572
0.823
0.028
0.716
0.618
0.209
0.915
0.072
0.384
0.176
0.318
0.813
0.386
0.08
1.353
0.059
0.079
0.584
0.707
0.387
0.058
0.524
0.762
0.017
0.68
0.761
0.208
1.311
0.055
0.029
0.184
0.547
0.666
0.45
0.951
0.404
0.766
0.078
0.588
0.104
0.526
0.175
0.02
1.094
0.451
1.015
1.378
0.757
0.458
0.348
1.097
1.353
0.211
0.019
0.493
0.018
0.755
0.025
0.703
0.485
0.05
0.271
0.475
0.579
0.888
0.172
1.557
0.081
0.24
0.749
0.083
1.604
0.445
1.306
0.723
0.383
0.817
0.017
0.101
0.474
0.087
0.022
1.819
0.153
0.205
0.376
0.395
0.765
0.409
0.671
0.331
0.534
0.408
0.731
0.107
0.229
0.305
0.892
0.282
0.302
0.246
0.106
0.376
0.044
0.758
0.066
1.135
0.794
0.135
0.19
1.153
0.676
0.521
1.013
0.036
1.44
0.568
0.078
0.036
0.122
0.449
0.061
0.259
0.256
0.17
0.048
0.181
1.403
0.066
0.195
0.261
0.025
0.219
0.101
0.087
0.367
0.249
0.64
0.402
0.893
0.234
0.207
0.236
0.638
0.25
1.794
0.573
0.042
1.34
1.784
0.444
0.126
0.138
0.123
0.078
0.434
0.34
0.28
0.095
0.108
0.059
0.108
0.382
0.059
0.143
0.058
0.234
0.41
0.175
0.853
0.227
0.437
0.018
1.396
0.199
1.34
1.383
0.345
0.13
0.171
0.857
0.619
0.167
0.082
0.44
0.316
0.108
0.06
0.22
0.473
0.579
0.381
0.808
0.011
0.835
0.051
0.32
1.656
0.064
0.251
0.047
0.41
0.392
0.266
0.252
0.241
0.492
0.808
0.078
0.159
0.368
0.048
1.107
0.074
1.319
1.097
0.415
0.708
0.069
0.051
0.068
0.03
0.165
0.066
0.594
1.44
0.267
0.128
1.167
0.328
0.35
0.146
0.48
0.387
0.069
0.081
0.775
0.444
0.046
0.015
1.202
0.042
0.011
0.124
0.098
0.551
0.482
0.037
1.638
0.075
0.815
0.492
0.882
0.075
0.746
0.267
0.439
0.128
0.033
0.437
0.074
1.212
0.429
0.123
0.627
0.172
0.244
0.733
0.5
0.011
0.438
0.291
0.451
0.48
0.01
0.301
0.957
0.202
0.377
1.348
0.047
0.068
0.998
0.311
0.015
0.119
1.014
0.764
0.089
0.077
0.671
0.669
0.975
0.682
1.179
0.011
0.393
0.202
0.054
0.027
0.685
0.056
0.309
0.225
0.172
0.373
0.811
0.396
0.241
0.203
0.487
0.989
0.219
0.007
0.826
0.062
1.182
0.591
0.168
0.074
0.084
0.733
0.307
0.338
1.696
0.041
0.142
0.36
0.154
0.381
0.129
0.467
0.725
0.24
0.074
0.318
0.982
0.267
0.849
0.234
0.316
0.248
0.353
1.341
0.302
1.03
0.564
0.061
0.215
0.07
0.596
0.063
1.147
0.732
1.091
0.18
1.046
0.114
0.097
0.357
0.893
0.327
0.591
0.098
0.084
0.66
0.352
0.147
0.511
1
1.383
0.43
0.306
0.157
0.134
0.442
0.781
0.096
1.415
0.569
1.227
1.198
0.771
0.634
0.173
1.423
0.294
0.192
0.866
0.257
0.223
0.4
0.383
0.319
0.408
0.065
0.402
0.582
1.563
0.152
1.074
0.117
0.502
0.183
0.209
0.599
0.073
0.586
0.662
0.132
0.347
0.223
1.354
0.08
0.092
0.172
1.111
0.095
0.52
0.235
0.083
0.023
0.726
0.013
0.304
0.199
0.088
1.365
0.279
0.671
1.509
0.097
0.462
0.146
0.316
1.541
1.642
0.264
0.269
0.34
0.208
0.048
0.21
0.054
0.193
0.157
0.989
0.406
0.082
0.167
0.329
0.08
0.747
0.329
0.344
0.417
0.17
0.468
0.153
0.46
0.022
0.494
0.529
0.186
0.662
0.78
0.249
1.046
0.132
0.176
0.017
0.731
0.17
0.032
0.335
0.242
0.577
0.059
0.221
0.824
0.364
0.819
0.49
0.169
0.384
1.585
0.348
0.054
0.261
0.292
1.893
0.493
0.762
0.166
0.045
0.284
0.034
0.374
0.97
0.259
0.406
0.247
0.115
0.252
0.024
1.249
0.508
0.281
0.023
0.117
1.044
0.17
0.274
0.018
0.342
0.076
0.319
0.75
0.117
0.168
0.03
0.425
0.116
0.044
0.379
1.035
0.029
1.231
0.341
0.613
0.25
0.25
0.064
0.401
0.399
0.22
0.135
0.59
0.627
0.074
0.074
0.025
0.301
1.169
0.405
0.746
0.651
0.506
1.157
0.317
0.258
0.265
1.092
0.062
0.294
0.043
0.107
0.397
0.389
0.545
0.783
0.762
0.383
0.289
0.961
0.195
0.499
0.287
0.397
0.925
1.328
0.154
0.966
0.749
0.343
1.679
1.757
0.372
0.483
0.114
0.007
0.708
0.135
0.152
1.33
0.094
1.294
1.011
0.839
0.12
0.14
0.338
0.132
1.3
0.201
0.256
0.124
0.643
0.571
0.432
0.46
0.137
0.083
0.049
0.088
0.037
0.378
0.035
0.052
0.04
0.256
0.216
0.05
0.151
0.288
0.057
0.439
0.781
0.694
0.552
0.079
0.339
1.486
0.367
0.209
0.256
0.055
0.451
0.294
0.667
0.31
0.112
0.807
0.853
0.05
0.345
0.1
0.133
1.136
0.197
0.061
0.016
0.207
0.042
0.087
0.112
0.077
0.638
0.397
0.17
0.989
0.81
0.163
0.105
0.043
0.093
0.682
0.59
0.345
1.393
0.3
0.413
0.323
1.235
1.433
0.138
0.167
0.634
0.6
0.533
0.207
0.278
0.146
0.278
0.342
0.336
0.743
1.361
0.154
0.704
0.438
0.258
0.427
0.052
0.353
0.298
0.533
0.036
0.027
0.068
0.999
1.218
0.54
0.66
0.173
0.423
0.177
0.012
0.046
0.523
0.109
0.223
1.794
0.968
0.699
0.161
0.389
0.198
0.017
0.884
0.987
0.106
0.208
0.353
0.117
0.426
0.885
0.346
0.946
0.204
0.147
0.35
0.856
1.094
0.211
0.076
0.102
0.163
0.15
1.067
0.297
0.37
1.049
0.877
0.391
0.696
0.286
0.972
0.145
0.477
0.778
0.756
0.118
0.368
0.442
0.159
0.513
0.069
0.458
0.647
1.268
0.185
1.083
0.704
0.721
1.566
0.83
0.049
0.193
0.725
0.404
0.218
0.852
0.395
0.938
0.523
1.391
0.061
0.793
0.122
0.238
0.122
0.393
0.519
0.219
0.231
0.421
0.293
0.19
0.318
0.843
0.776
0.583
0.216
0.009
0.884
0.113
0.585
0.444
0.605
0.399
0.499
0.791
0.369
0.489
1.036
0.049
0.836
0.514
0.772
0.387
0.091
0.225
0.634
0.235
0.031
0.213
0.246
0.236
0.055
0.718
0.3
0.322
0.174
0.25
0.827
0.089
0.672
0.274
0.087
0.157
0.255
0.087
0.44
0.561
0.259
0.758
0.029
0.337
0.12
0.225
0.125
1.446
1.583
0.168
0.215
0.082
0.346
0.034
0.63
0.695
0.039
1.379
0.063
1.641
0.101
0.668
0.613
0.652
1.033
0.123
0.286
0.578
0.398
0.357
0.091
0.129
0.016
0.147
0.251
0.829
0.095
0.137
0.105
0.655
0.27
0.537
0.311
0.07
0.224
0.552
0.522
0.704
0.096
1.632
0.136
0.127
0.402
0.508
0.145
0.311
0.155
0.454
1.298
0.606
0.533
0.41
0.665
0.34
0.339
0.074
0.781
1.562
0.496
0.081
0.214
0.676
0.593
0.112
1.021
0.449
0.325
0.351
0.684
0.145
0.215
0.139
0.689
1.061
1.542
0.342
0.171
0.121
0.317
1.565
0.643
0.025
0.244
0.541
0.248
0.629
1.8
0.113
0.238
0.74
0.323
0.165
0.126
0.484
0.58
0.043
0.856
0.392
0.24
0.988
0.351
0.991
1.065
0.085
0.084
0.049
0.246
0.301
0.234
0.33
0.656
0.187
0.886
1.619
0.325
0.38
0.121
0.257
0.553
0.017
1.611
1.493
0.629
0.281
0.085
0.129
0.025
0.36
0.435
0.49
0.265
0.591
0.083
0.195
0.476
0.042
0.059
1.231
0.546
1.586
0.199
0.184
0.361
0.08
0.096
0.031
0.168
0.748
0.038
0.075
0.073
1.236
0.163
0.027
0.04
0.021
1.462
0.018
0.152
0.37
1.269
0.172
1.172
0.956
0.307
1.145
0.156
1.528
0.612
0.531
0.662
0.707
0.642
0.062
0.118
0.186
0.185
0.171
0.348
0.093
0.054
0.862
0.199
0.87
0.579
0.231
0.536
1.276
0.171
0.75
0.244
1.028
0.261
0.651
0.482
0.282
0.579
0.304
0.12
0.218
0.432
1.255
0.133
0.028
0.801
1.158
1.47
0.052
0.052
0.541
0.087
0.018
1.183
0.543
0.577
0.817
1.451
0.069
0.235
0.465
0.56
0.232
0.053
0.094
0.095
0.073
0.181
0.862
0.524
0.04
0.572
0.187
0.083
0.286
0.211
0.058
1.318
0.227
0.588
0.46
0.2
0.212
0.268
0.222
0.371
0.365
0.561
0.136
0.101
0.668
0.214
0.288
0.734
0.115
0.217
0.363
0.025
0.114
0.274
0.015
0.073
0.632
0.023
0.032
1.603
0.146
0.27
0.028
0.977
0.404
0.093
0.361
0.353
1.347
0.02
1.638
0.83
0.255
0.997
0.185
0.037
0.122
0.025
0.071
0.151
0.044
0.856
0.151
1.319
0.425
0.262
0.826
0.003
0.234
0.184
0.018
0.035
1.442
0.401
0.798
0.897
0.714
0.556
0.317
0.328
0.211
0.263
1.102
0.093
1.658
0.271
0.487
0.291
0.651
0.213
0.505
0.713
1.218
1.432
0.257
0.473
0.287
0.068
0.755
0.046
0.599
0.989
0.734
0.374
0.486
0.169
0.931
1.17
0.402
0.067
0.296
0.304
0.275
0.269
0.148
0.15
0.458
0.044
0.571
0.353
0.06
0.093
0.912
0.313
0.257
0.768
1.269
0.645
0.693
0.228
0.456
0.513
0.102
0.077
0.397
0.777
0.113
0.975
0.639
0.348
0.009
0.05
0.5
0.244
0.604
0.139
0.617
0.446
0.069
0.472
0.563
0.122
0.093
0.109
0.676
0.053
1.276
0.079
1.72
0.288
0.168
0.394
0.123
0.022
0.335
0.221
0.449
1.535
0.41
1.205
1.053
0.873
0.119
0.23
0.439
0.376
0.871
0.89
0.246
0.529
0.318
0.185
0.884
0.567
0.044
0.077
0.151
1.626
0.466
0.422
0.154
0.245
0.105
0.333
0.198
0.84
0.23
1.465
0.085
0.198
0.356
0.152
0.119
0.377
0.84
0.472
0.391
0.953
1.061
0.366
0.057
0.375
0.522
0.948
0.17
0.069
0.042
0.234
1.212
0.176
0.245
0.367
0.225
0.114
0.279
0.21
0.025
0.095
0.143
0.623
0.387
0.4
1.498
1.028
0.818
0.148
0.02
0.41
0.052
0.702
0.571
1.701
0.028
0.026
0.038
0.67
0.619
0.759
0.483
0.606
0.12
1.543
1.512
0.984
0.221
0.446
0.118
0.218
0.098
0.07
0.12
0.125
1.502
0.078
0.25
0.181
0.3
0.291
0.755
0.129
0.444
0.038
0.136
0.56
0.248
0.229
0.257
0.984
0.867
0.156
0.377
0.022
0.297
1.472
0.437
0.718
0.488
1.254
0.834
0.027
0.028
1.685
0.267
1.607
0.883
0.474
0.09
0.106
0.666
0.232
0.01
0.456
0.713
0.431
0.483
0.107
0.485
0.004
0.092
0.98
0.386
0.324
0.495
1.198
0.216
0.64
1.29
0.73
0.262
0.555
0.323
0.124
1.75
0.103
0.366
0.4
0.472
0.05
0.339
0.245
0.414
0.458
0.155
0.72
0.185
0.406
0.084
0.007
0.473
0.471
0.091
0.149
0.946
0.309
0.103
0.222
0.123
0.576
0.855
0.944
0.486
0.158
0.213
1.609
0.105
0.877
0.982
1.368
0.604
0.555
0.331
0.235
0.175
0.303
0.4
0.212
1.213
0.362
0.735
0.297
0.543
0.183
0.445
0.201
0.159
0.154
0.152
0.611
1.11
0.326
0.034
0.322
0.206
0.289
1.185
0.753
0.191
0.711
0.422
0.037
0.414
0.15
0.055
1.393
0.685
0.717
0.209
1.252
0.742
1.072
0.254
0.065
0.525
0.855
0.464
0.167
0.603
0.096
1.362
0.197
0.097
0.223
0.741
0.106
0.251
1.543
0.185
0.072
0.273
0.408
1.267
1.252
0.403
1.013
0.121
0.524
0.409
0.307
1.305
0.781
1.851
0.837
0.188
0.052
0.096
1.217
0.25
0.02
0.549
0.095
0.103
0.152
0.178
0.209
0.704
0.21
0.233
0.079
1.744
0.543
0.32
0.161
0.753
1.771
0.572
0.832
0.204
0.694
0.531
1.679
0.149
0.01
0.39
0.1
0.507
1.659
0.029
0.247
0.124
0.93
0.1
0.365
0.025
0.998
0.404
0.888
0.33
0.505
0.254
0.334
0.075